"ID","Group","Subject","Initials","Item number","Stimulus filename","Stimulus gender","Condition","Participant response","Reaction time","Accuracy","Response - Auditory","Response - Visual","Response - Fused","Response descriptor"
"C,1,EB","C","1","EB","39","mik_Bg.avi","Male","AV_M","2","-2032.05",0,-2,-2,-2,"Ella to fill"
"C,1,EB","C","1","EB","42","mik_Db.avi","Male","AV_M","4","-2390.07",0,-2,-2,-2,"Ella to fill"
"C,1,EB","C","1","EB","41","mik_Da.avi","Male","AO","4","2087.26",1,1,-1,-1,"Correct"
"C,1,EB","C","1","EB","45","mik_Ga.avi","Male","AO","4","-2388.01",0,0,-1,-1,"Incorrect"
"C,1,EB","C","1","EB","34","lor_Gb.avi","Female","AV_M","7","-2216.45",0,-2,-2,-2,"Ella to fill"
"C,1,EB","C","1","EB","31","lor_Dd.avi","Female","AV_C","4","2570.22",1,1,1,-1,"Correct"
"C,1,EB","C","1","EB","33","lor_Ga.avi","Female","AO","7","3163.51",1,1,-1,-1,"Correct"
"C,1,EB","C","1","EB","29","lor_Da.avi","Female","AO","7","-2297.50",0,0,-1,-1,"Incorrect"
"C,1,EB","C","1","EB","38","mik_Bb.avi","Male","AV_C","2","1739.41",1,1,1,-1,"Correct"
"C,1,EB","C","1","EB","30","lor_Db.avi","Female","AV_M","7","-2487.50",0,-2,-2,-2,"Ella to fill"
"C,1,EB","C","1","EB","35","lor_Gg.avi","Female","AV_C","7","2031.23",1,1,1,-1,"Correct"
"C,1,EB","C","1","EB","44","mik_Dv.avi","Male","VO","4","4532.30",1,-1,1,0,"Correct"
"C,1,EB","C","1","EB","27","lor_Bg.avi","Female","AV_M","2","-2088.50",0,-2,-2,-2,"Ella to fill"
"C,1,EB","C","1","EB","32","lor_Dv.avi","Female","VO","2","-3395.48",0,-1,0,1,"Incorrect"
"C,1,EB","C","1","EB","37","mik_Ba.avi","Male","AO","2","2178.02",1,1,-1,-1,"Correct"
"C,1,EB","C","1","EB","28","lor_Bv.avi","Female","VO","4","-2929.29",0,-1,0,1,"Incorrect"
"C,1,EB","C","1","EB","47","mik_Gg.avi","Male","AV_C","4","-3513.87",0,0,0,-1,"Incorrect"
"C,1,EB","C","1","EB","25","lor_Ba.avi","Female","AO","2","2265.07",1,1,-1,-1,"Correct"
"C,1,EB","C","1","EB","43","mik_Dd.avi","Male","AV_C","4","2658.39",1,1,1,-1,"Correct"
"C,1,EB","C","1","EB","40","mik_Bv.avi","Male","VO","2","3590.59",1,-1,1,0,"Correct"
"C,1,EB","C","1","EB","26","lor_Bb.avi","Female","AV_C","2","2105.09",1,1,1,-1,"Correct"
"C,1,EB","C","1","EB","46","mik_Gb.avi","Male","AV_M","4","1913.81",1,-2,-2,-2,"Ella to fill"
"C,1,EB","C","1","EB","14","mik_Bb.avi","Male","AV_C","2","4213.12",1,1,1,-1,"Correct"
"C,1,EB","C","1","EB","11","lor_Gg.avi","Female","AV_C","7","2492.63",1,1,1,-1,"Correct"
"C,1,EB","C","1","EB","17","mik_Da.avi","Male","AO","4","1878.67",1,1,-1,-1,"Correct"
"C,1,EB","C","1","EB","3","lor_Bg.avi","Female","AV_M","2","-1854.47",0,-2,-2,-2,"Ella to fill"
"C,1,EB","C","1","EB","23","mik_Gg.avi","Male","AV_C","4","-2243.89",0,0,0,-1,"Incorrect"
"C,1,EB","C","1","EB","15","mik_Bg.avi","Male","AV_M","2","-2091.63",0,-2,-2,-2,"Ella to fill"
"C,1,EB","C","1","EB","5","lor_Da.avi","Female","AO","4","2650.60",1,1,-1,-1,"Correct"
"C,1,EB","C","1","EB","4","lor_Bv.avi","Female","VO","4","-3748.90",0,-1,0,1,"Incorrect"
"C,1,EB","C","1","EB","18","mik_Db.avi","Male","AV_M","4","-2287.09",0,-2,-2,-2,"Ella to fill"
"C,1,EB","C","1","EB","6","lor_Db.avi","Female","AV_M","4","-2320.77",0,-2,-2,-2,"Ella to fill"
"C,1,EB","C","1","EB","10","lor_Gb.avi","Female","AV_M","7","-3257.97",0,-2,-2,-2,"Ella to fill"
"C,1,EB","C","1","EB","19","mik_Dd.avi","Male","AV_C","4","2677.60",1,1,1,-1,"Correct"
"C,1,EB","C","1","EB","12","lor_Gv.avi","Female","VO","4","-4822.95",0,-1,0,1,"Incorrect"
"C,1,EB","C","1","EB","1","lor_Ba.avi","Female","AO","2","2512.37",1,1,-1,-1,"Correct"
"C,1,EB","C","1","EB","24","mik_Gv.avi","Male","VO","7","7539.86",1,-1,1,0,"Correct"
"C,1,EB","C","1","EB","20","mik_Dv.avi","Male","VO","2","-9631.01",0,-1,0,1,"Incorrect"
"C,1,EB","C","1","EB","21","mik_Ga.avi","Male","AO","7","2960.69",1,1,-1,-1,"Correct"
"C,1,EB","C","1","EB","16","mik_Bv.avi","Male","VO","2","3224.74",1,-1,1,0,"Correct"
"C,1,EB","C","1","EB","8","lor_Dv.avi","Female","VO","7","-4956.32",0,-1,0,1,"Incorrect"
"C,1,EB","C","1","EB","9","lor_Ga.avi","Female","AO","7","2604.05",1,1,-1,-1,"Correct"
"C,1,EB","C","1","EB","2","lor_Bb.avi","Female","AV_C","2","2205.49",1,1,1,-1,"Correct"
"C,1,EB","C","1","EB","22","mik_Gb.avi","Male","AV_M","4","2685.12",1,-2,-2,-2,"Ella to fill"
"C,1,EB","C","1","EB","13","mik_Ba.avi","Male","AO","2","2195.79",1,1,-1,-1,"Correct"
"C,1,EB","C","1","EB","7","lor_Dd.avi","Female","AV_C","4","3597.92",1,1,1,-1,"Correct"
"C,1,EB","C","1","EB","93","mik_Ga_4dB.avi","Male","AO","4","-2332.22",0,0,-1,-1,"Incorrect"
"C,1,EB","C","1","EB","80","lor_Dv_4dB.avi","Female","VO","2","-3171.16",0,-1,0,1,"Incorrect"
"C,1,EB","C","1","EB","74","lor_Bb_4dB.avi","Female","AV_C","2","2976.15",1,1,1,-1,"Correct"
"C,1,EB","C","1","EB","95","mik_Gg_4dB.avi","Male","AV_C","4","-2594.79",0,0,0,-1,"Incorrect"
"C,1,EB","C","1","EB","78","lor_Db_4dB.avi","Female","AV_M","4","-3516.55",0,-2,-2,-2,"Ella to fill"
"C,1,EB","C","1","EB","83","lor_Gg_4dB.avi","Female","AV_C","4","-2451.78",0,0,0,-1,"Incorrect"
"C,1,EB","C","1","EB","89","mik_Da_4dB.avi","Male","AO","4","2592.94",1,1,-1,-1,"Correct"
"C,1,EB","C","1","EB","77","lor_Da_4dB.avi","Female","AO","4","2401.35",1,1,-1,-1,"Correct"
"C,1,EB","C","1","EB","88","mik_Bv_4dB.avi","Male","VO","2","2720.90",1,-1,1,0,"Correct"
"C,1,EB","C","1","EB","81","lor_Ga_4dB.avi","Female","AO","4","-3042.06",0,0,-1,-1,"Incorrect"
"C,1,EB","C","1","EB","73","lor_Ba_4dB.avi","Female","AO","2","2603.31",1,1,-1,-1,"Correct"
"C,1,EB","C","1","EB","86","mik_Bb_4dB.avi","Male","AV_C","2","2432.79",1,1,1,-1,"Correct"
"C,1,EB","C","1","EB","75","lor_Bg_4dB.avi","Female","AV_M","2","-2179.56",0,-2,-2,-2,"Ella to fill"
"C,1,EB","C","1","EB","87","mik_Bg_4dB.avi","Male","AV_M","2","-3606.51",0,-2,-2,-2,"Ella to fill"
"C,1,EB","C","1","EB","92","mik_Dv_4dB.avi","Male","VO","4","2962.92",1,-1,1,0,"Correct"
"C,1,EB","C","1","EB","96","mik_Gv_4dB.avi","Male","VO","7","5500.99",1,-1,1,0,"Correct"
"C,1,EB","C","1","EB","90","mik_Db_4dB.avi","Male","AV_M","4","-2879.80",0,-2,-2,-2,"Ella to fill"
"C,1,EB","C","1","EB","84","lor_Gv_4dB.avi","Female","VO","2","-3245.33",0,-1,0,1,"Incorrect"
"C,1,EB","C","1","EB","76","lor_Bv_4dB.avi","Female","VO","4","-5109.90",0,-1,0,1,"Incorrect"
"C,1,EB","C","1","EB","82","lor_Gb_4dB.avi","Female","AV_M","4","2676.61",1,-2,-2,-2,"Ella to fill"
"C,1,EB","C","1","EB","79","lor_Dd_4dB.avi","Female","AV_C","4","2239.35",1,1,1,-1,"Correct"
"C,1,EB","C","1","EB","94","mik_Gb_4dB.avi","Male","AV_M","4","2528.58",1,-2,-2,-2,"Ella to fill"
"C,1,EB","C","1","EB","85","mik_Ba_4dB.avi","Male","AO","2","2690.10",1,1,-1,-1,"Correct"
"C,1,EB","C","1","EB","91","mik_Dd_4dB.avi","Male","AV_C","4","2746.06",1,1,1,-1,"Correct"
"C,1,EB","C","1","EB","49","lor_Ba_4dB.avi","Female","AO","2","2269.72",1,1,-1,-1,"Correct"
"C,1,EB","C","1","EB","52","lor_Bv_4dB.avi","Female","VO","4","-3596.44",0,-1,0,1,"Incorrect"
"C,1,EB","C","1","EB","70","mik_Gb_4dB.avi","Male","AV_M","4","2649.63",1,-2,-2,-2,"Ella to fill"
"C,1,EB","C","1","EB","63","mik_Bg_4dB.avi","Male","AV_M","2","-2779.76",0,-2,-2,-2,"Ella to fill"
"C,1,EB","C","1","EB","61","mik_Ba_4dB.avi","Male","AO","2","2555.64",1,1,-1,-1,"Correct"
"C,1,EB","C","1","EB","72","mik_Gv_4dB.avi","Male","VO","4","-4334.01",0,-1,0,1,"Incorrect"
"C,1,EB","C","1","EB","69","mik_Ga_4dB.avi","Male","AO","4","-3869.30",0,0,-1,-1,"Incorrect"
"C,1,EB","C","1","EB","67","mik_Dd_4dB.avi","Male","AV_C","4","2720.10",1,1,1,-1,"Correct"
"C,1,EB","C","1","EB","58","lor_Gb_4dB.avi","Female","AV_M","4","2513.77",1,-2,-2,-2,"Ella to fill"
"C,1,EB","C","1","EB","51","lor_Bg_4dB.avi","Female","AV_M","2","-2199.27",0,-2,-2,-2,"Ella to fill"
"C,1,EB","C","1","EB","57","lor_Ga_4dB.avi","Female","AO","7","3367.84",1,1,-1,-1,"Correct"
"C,1,EB","C","1","EB","54","lor_Db_4dB.avi","Female","AV_M","4","-3171.12",0,-2,-2,-2,"Ella to fill"
"C,1,EB","C","1","EB","56","lor_Dv_4dB.avi","Female","VO","4","4001.77",1,-1,1,0,"Correct"
"C,1,EB","C","1","EB","71","mik_Gg_4dB.avi","Male","AV_C","4","-3835.70",0,0,0,-1,"Incorrect"
"C,1,EB","C","1","EB","65","mik_Da_4dB.avi","Male","AO","4","2921.83",1,1,-1,-1,"Correct"
"C,1,EB","C","1","EB","60","lor_Gv_4dB.avi","Female","VO","2","-5990.12",0,-1,0,1,"Incorrect"
"C,1,EB","C","1","EB","64","mik_Bv_4dB.avi","Male","VO","2","5898.02",1,-1,1,0,"Correct"
"C,1,EB","C","1","EB","53","lor_Da_4dB.avi","Female","AO","4","9123.94",1,1,-1,-1,"Correct"
"C,1,EB","C","1","EB","62","mik_Bb_4dB.avi","Male","AV_C","2","2332.27",1,1,1,-1,"Correct"
"C,1,EB","C","1","EB","68","mik_Dv_4dB.avi","Male","VO","4","5577.92",1,-1,1,0,"Correct"
"C,1,EB","C","1","EB","55","lor_Dd_4dB.avi","Female","AV_C","4","3190.45",1,1,1,-1,"Correct"
"C,1,EB","C","1","EB","59","lor_Gg_4dB.avi","Female","AV_C","4","-3143.79",0,0,0,-1,"Incorrect"
"C,1,EB","C","1","EB","50","lor_Bb_4dB.avi","Female","AV_C","2","2944.33",1,1,1,-1,"Correct"
"C,1,EB","C","1","EB","66","mik_Db_4dB.avi","Male","AV_M","4","-4196.07",0,-2,-2,-2,"Ella to fill"
"D,1,ZL","D","1","ZL","36","lor_Gv.avi","Female","VO","2","-3116.15",0,-1,0,1,"Incorrect"
"D,1,ZL","D","1","ZL","45","mik_Ga.avi","Male","AO","4","-2904.77",0,0,-1,-1,"Incorrect"
"D,1,ZL","D","1","ZL","27","lor_Bg.avi","Female","AV_M","2","-2216.70",0,-2,-2,-2,"Ella to fill"
"D,1,ZL","D","1","ZL","33","lor_Ga.avi","Female","AO","7","2381.32",1,1,-1,-1,"Correct"
"D,1,ZL","D","1","ZL","25","lor_Ba.avi","Female","AO","7","-2695.96",0,0,-1,-1,"Incorrect"
"D,1,ZL","D","1","ZL","28","lor_Bv.avi","Female","VO","2","3102.90",1,-1,1,0,"Correct"
"D,1,ZL","D","1","ZL","30","lor_Db.avi","Female","AV_M","4","-3091.87",0,-2,-2,-2,"Ella to fill"
"D,1,ZL","D","1","ZL","43","mik_Dd.avi","Male","AV_C","4","2258.85",1,1,1,-1,"Correct"
"D,1,ZL","D","1","ZL","31","lor_Dd.avi","Female","AV_C","4","2114.85",1,1,1,-1,"Correct"
"D,1,ZL","D","1","ZL","39","mik_Bg.avi","Male","AV_M","2","-3384.59",0,-2,-2,-2,"Ella to fill"
"D,1,ZL","D","1","ZL","38","mik_Bb.avi","Male","AV_C","2","1874.39",1,1,1,-1,"Correct"
"D,1,ZL","D","1","ZL","34","lor_Gb.avi","Female","AV_M","7","-2165.44",0,-2,-2,-2,"Ella to fill"
"D,1,ZL","D","1","ZL","44","mik_Dv.avi","Male","VO","4","3141.83",1,-1,1,0,"Correct"
"D,1,ZL","D","1","ZL","47","mik_Gg.avi","Male","AV_C","4","-2702.69",0,0,0,-1,"Incorrect"
"D,1,ZL","D","1","ZL","41","mik_Da.avi","Male","AO","4","2633.18",1,1,-1,-1,"Correct"
"D,1,ZL","D","1","ZL","48","mik_Gv.avi","Male","VO","4","-2233.80",0,-1,0,1,"Incorrect"
"D,1,ZL","D","1","ZL","32","lor_Dv.avi","Female","VO","4","2208.05",1,-1,1,0,"Correct"
"D,1,ZL","D","1","ZL","37","mik_Ba.avi","Male","AO","2","2649.97",1,1,-1,-1,"Correct"
"D,1,ZL","D","1","ZL","35","lor_Gg.avi","Female","AV_C","7","3144.59",1,1,1,-1,"Correct"
"D,1,ZL","D","1","ZL","29","lor_Da.avi","Female","AO","4","2048.53",1,1,-1,-1,"Correct"
"D,1,ZL","D","1","ZL","46","mik_Gb.avi","Male","AV_M","7","-2638.18",0,-2,-2,-2,"Ella to fill"
"D,1,ZL","D","1","ZL","42","mik_Db.avi","Male","AV_M","4","-2071.81",0,-2,-2,-2,"Ella to fill"
"D,1,ZL","D","1","ZL","40","mik_Bv.avi","Male","VO","2","2970.72",1,-1,1,0,"Correct"
"D,1,ZL","D","1","ZL","26","lor_Bb.avi","Female","AV_C","2","1825.66",1,1,1,-1,"Correct"
"D,1,ZL","D","1","ZL","23","mik_Gg.avi","Male","AV_C","7","2461.19",1,1,1,-1,"Correct"
"D,1,ZL","D","1","ZL","4","lor_Bv.avi","Female","VO","2","2388.75",1,-1,1,0,"Correct"
"D,1,ZL","D","1","ZL","10","lor_Gb.avi","Female","AV_M","7","-2204.71",0,-2,-2,-2,"Ella to fill"
"D,1,ZL","D","1","ZL","22","mik_Gb.avi","Male","AV_M","7","-2182.29",0,-2,-2,-2,"Ella to fill"
"D,1,ZL","D","1","ZL","14","mik_Bb.avi","Male","AV_C","2","2175.29",1,1,1,-1,"Correct"
"D,1,ZL","D","1","ZL","1","lor_Ba.avi","Female","AO","2","4856.15",1,1,-1,-1,"Correct"
"D,1,ZL","D","1","ZL","12","lor_Gv.avi","Female","VO","7","4373.92",1,-1,1,0,"Correct"
"D,1,ZL","D","1","ZL","20","mik_Dv.avi","Male","VO","4","2183.53",1,-1,1,0,"Correct"
"D,1,ZL","D","1","ZL","11","lor_Gg.avi","Female","AV_C","7","3064.14",1,1,1,-1,"Correct"
"D,1,ZL","D","1","ZL","16","mik_Bv.avi","Male","VO","2","2127.16",1,-1,1,0,"Correct"
"D,1,ZL","D","1","ZL","18","mik_Db.avi","Male","AV_M","4","-1860.80",0,-2,-2,-2,"Ella to fill"
"D,1,ZL","D","1","ZL","9","lor_Ga.avi","Female","AO","7","1907.01",1,1,-1,-1,"Correct"
"D,1,ZL","D","1","ZL","19","mik_Dd.avi","Male","AV_C","4","1627.04",1,1,1,-1,"Correct"
"D,1,ZL","D","1","ZL","17","mik_Da.avi","Male","AO","2","-1810.23",0,0,-1,-1,"Incorrect"
"D,1,ZL","D","1","ZL","5","lor_Da.avi","Female","AO","4","1777.18",1,1,-1,-1,"Correct"
"D,1,ZL","D","1","ZL","3","lor_Bg.avi","Female","AV_M","2","-1713.39",0,-2,-2,-2,"Ella to fill"
"D,1,ZL","D","1","ZL","13","mik_Ba.avi","Male","AO","2","2092.41",1,1,-1,-1,"Correct"
"D,1,ZL","D","1","ZL","6","lor_Db.avi","Female","AV_M","4","-1850.69",0,-2,-2,-2,"Ella to fill"
"D,1,ZL","D","1","ZL","15","mik_Bg.avi","Male","AV_M","2","-2554.62",0,-2,-2,-2,"Ella to fill"
"D,1,ZL","D","1","ZL","2","lor_Bb.avi","Female","AV_C","2","2628.18",1,1,1,-1,"Correct"
"D,1,ZL","D","1","ZL","21","mik_Ga.avi","Male","AO","4","-1911.83",0,0,-1,-1,"Incorrect"
"D,1,ZL","D","1","ZL","7","lor_Dd.avi","Female","AV_C","4","2263.74",1,1,1,-1,"Correct"
"D,1,ZL","D","1","ZL","24","mik_Gv.avi","Male","VO","4","-2892.99",0,-1,0,1,"Incorrect"
"D,1,ZL","D","1","ZL","8","lor_Dv.avi","Female","VO","7","-2686.21",0,-1,0,1,"Incorrect"
"D,1,ZL","D","1","ZL","50","lor_Bb_4dB.avi","Female","AV_C","2","2042.25",1,1,1,-1,"Correct"
"D,1,ZL","D","1","ZL","52","lor_Bv_4dB.avi","Female","VO","2","2362.86",1,-1,1,0,"Correct"
"D,1,ZL","D","1","ZL","49","lor_Ba_4dB.avi","Female","AO","2","2176.85",1,1,-1,-1,"Correct"
"D,1,ZL","D","1","ZL","64","mik_Bv_4dB.avi","Male","VO","7","-2619.48",0,-1,0,1,"Incorrect"
"D,1,ZL","D","1","ZL","53","lor_Da_4dB.avi","Female","AO","7","-2509.10",0,0,-1,-1,"Incorrect"
"D,1,ZL","D","1","ZL","62","mik_Bb_4dB.avi","Male","AV_C","2","2322.06",1,1,1,-1,"Correct"
"D,1,ZL","D","1","ZL","66","mik_Db_4dB.avi","Male","AV_M","4","-2527.04",0,-2,-2,-2,"Ella to fill"
"D,1,ZL","D","1","ZL","63","mik_Bg_4dB.avi","Male","AV_M","4","2243.97",1,-2,-2,-2,"Ella to fill"
"D,1,ZL","D","1","ZL","60","lor_Gv_4dB.avi","Female","VO","4","-3550.53",0,-1,0,1,"Incorrect"
"D,1,ZL","D","1","ZL","51","lor_Bg_4dB.avi","Female","AV_M","7","-2507.73",0,-2,-2,-2,"Ella to fill"
"D,1,ZL","D","1","ZL","67","mik_Dd_4dB.avi","Male","AV_C","4","2192.35",1,1,1,-1,"Correct"
"D,1,ZL","D","1","ZL","69","mik_Ga_4dB.avi","Male","AO","4","-3053.25",0,0,-1,-1,"Incorrect"
"D,1,ZL","D","1","ZL","59","lor_Gg_4dB.avi","Female","AV_C","7","2094.26",1,1,1,-1,"Correct"
"D,1,ZL","D","1","ZL","57","lor_Ga_4dB.avi","Female","AO","7","3299.83",1,1,-1,-1,"Correct"
"D,1,ZL","D","1","ZL","70","mik_Gb_4dB.avi","Male","AV_M","4","2175.14",1,-2,-2,-2,"Ella to fill"
"D,1,ZL","D","1","ZL","58","lor_Gb_4dB.avi","Female","AV_M","7","-1959.39",0,-2,-2,-2,"Ella to fill"
"D,1,ZL","D","1","ZL","68","mik_Dv_4dB.avi","Male","VO","2","-3620.02",0,-1,0,1,"Incorrect"
"D,1,ZL","D","1","ZL","56","lor_Dv_4dB.avi","Female","VO","4","2708.12",1,-1,1,0,"Correct"
"D,1,ZL","D","1","ZL","65","mik_Da_4dB.avi","Male","AO","4","2438.10",1,1,-1,-1,"Correct"
"D,1,ZL","D","1","ZL","61","mik_Ba_4dB.avi","Male","AO","4","-2351.38",0,0,-1,-1,"Incorrect"
"D,1,ZL","D","1","ZL","54","lor_Db_4dB.avi","Female","AV_M","7","-2215.32",0,-2,-2,-2,"Ella to fill"
"D,1,ZL","D","1","ZL","71","mik_Gg_4dB.avi","Male","AV_C","7","2066.29",1,1,1,-1,"Correct"
"D,1,ZL","D","1","ZL","72","mik_Gv_4dB.avi","Male","VO","7","2292.17",1,-1,1,0,"Correct"
"D,1,ZL","D","1","ZL","55","lor_Dd_4dB.avi","Female","AV_C","7","-1906.11",0,0,0,-1,"Incorrect"
"D,1,ZL","D","1","ZL","87","mik_Bg_4dB.avi","Male","AV_M","7","-2351.55",0,-2,-2,-2,"Ella to fill"
"D,1,ZL","D","1","ZL","94","mik_Gb_4dB.avi","Male","AV_M","2","-3001.45",0,-2,-2,-2,"Ella to fill"
"D,1,ZL","D","1","ZL","79","lor_Dd_4dB.avi","Female","AV_C","7","-2460.09",0,0,0,-1,"Incorrect"
"D,1,ZL","D","1","ZL","91","mik_Dd_4dB.avi","Male","AV_C","4","2329.06",1,1,1,-1,"Correct"
"D,1,ZL","D","1","ZL","90","mik_Db_4dB.avi","Male","AV_M","4","-2803.31",0,-2,-2,-2,"Ella to fill"
"D,1,ZL","D","1","ZL","82","lor_Gb_4dB.avi","Female","AV_M","7","-2997.22",0,-2,-2,-2,"Ella to fill"
"D,1,ZL","D","1","ZL","74","lor_Bb_4dB.avi","Female","AV_C","2","2293.57",1,1,1,-1,"Correct"
"D,1,ZL","D","1","ZL","83","lor_Gg_4dB.avi","Female","AV_C","7","1892.43",1,1,1,-1,"Correct"
"D,1,ZL","D","1","ZL","77","lor_Da_4dB.avi","Female","AO","7","-2350.85",0,0,-1,-1,"Incorrect"
"D,1,ZL","D","1","ZL","93","mik_Ga_4dB.avi","Male","AO","7","3388.91",1,1,-1,-1,"Correct"
"D,1,ZL","D","1","ZL","86","mik_Bb_4dB.avi","Male","AV_C","2","2330.34",1,1,1,-1,"Correct"
"D,1,ZL","D","1","ZL","96","mik_Gv_4dB.avi","Male","VO","7","2544.28",1,-1,1,0,"Correct"
"D,1,ZL","D","1","ZL","73","lor_Ba_4dB.avi","Female","AO","2","2759.50",1,1,-1,-1,"Correct"
"D,1,ZL","D","1","ZL","89","mik_Da_4dB.avi","Male","AO","4","2127.81",1,1,-1,-1,"Correct"
"D,1,ZL","D","1","ZL","81","lor_Ga_4dB.avi","Female","AO","7","2512.73",1,1,-1,-1,"Correct"
"D,1,ZL","D","1","ZL","92","mik_Dv_4dB.avi","Male","VO","7","-3576.03",0,-1,0,1,"Incorrect"
"D,1,ZL","D","1","ZL","88","mik_Bv_4dB.avi","Male","VO","2","2759.53",1,-1,1,0,"Correct"
"D,1,ZL","D","1","ZL","85","mik_Ba_4dB.avi","Male","AO","7","-2462.48",0,0,-1,-1,"Incorrect"
"D,1,ZL","D","1","ZL","80","lor_Dv_4dB.avi","Female","VO","7","-2309.46",0,-1,0,1,"Incorrect"
"D,1,ZL","D","1","ZL","75","lor_Bg_4dB.avi","Female","AV_M","2","-2588.42",0,-2,-2,-2,"Ella to fill"
"D,1,ZL","D","1","ZL","95","mik_Gg_4dB.avi","Male","AV_C","7","2159.67",1,1,1,-1,"Correct"
"D,1,ZL","D","1","ZL","76","lor_Bv_4dB.avi","Female","VO","2","2384.27",1,-1,1,0,"Correct"
"D,1,ZL","D","1","ZL","78","lor_Db_4dB.avi","Female","AV_M","7","-2322.22",0,-2,-2,-2,"Ella to fill"
"D,1,ZL","D","1","ZL","84","lor_Gv_4dB.avi","Female","VO","4","-3356.97",0,-1,0,1,"Incorrect"
"D,2,IL","D","2","IL","48","mik_Gv.avi","Male","VO","4","-1889.58",0,-1,0,1,"Incorrect"
"D,2,IL","D","2","IL","31","lor_Dd.avi","Female","AV_C","4","2242.81",1,1,1,-1,"Correct"
"D,2,IL","D","2","IL","26","lor_Bb.avi","Female","AV_C","2","2088.77",1,1,1,-1,"Correct"
"D,2,IL","D","2","IL","35","lor_Gg.avi","Female","AV_C","7","1931.71",1,1,1,-1,"Correct"
"D,2,IL","D","2","IL","33","lor_Ga.avi","Female","AO","7","2174.33",1,1,-1,-1,"Correct"
"D,2,IL","D","2","IL","29","lor_Da.avi","Female","AO","4","2254.63",1,1,-1,-1,"Correct"
"D,2,IL","D","2","IL","39","mik_Bg.avi","Male","AV_M","2","-2612.24",0,-2,-2,-2,"Ella to fill"
"D,2,IL","D","2","IL","43","mik_Dd.avi","Male","AV_C","4","2329.11",1,1,1,-1,"Correct"
"D,2,IL","D","2","IL","28","lor_Bv.avi","Female","VO","2","3222.72",1,-1,1,0,"Correct"
"D,2,IL","D","2","IL","41","mik_Da.avi","Male","AO","4","2441.01",1,1,-1,-1,"Correct"
"D,2,IL","D","2","IL","44","mik_Dv.avi","Male","VO","4","2010.97",1,-1,1,0,"Correct"
"D,2,IL","D","2","IL","46","mik_Gb.avi","Male","AV_M","7","-2304.04",0,-2,-2,-2,"Ella to fill"
"D,2,IL","D","2","IL","32","lor_Dv.avi","Female","VO","4","2325.47",1,-1,1,0,"Correct"
"D,2,IL","D","2","IL","47","mik_Gg.avi","Male","AV_C","7","2604.88",1,1,1,-1,"Correct"
"D,2,IL","D","2","IL","40","mik_Bv.avi","Male","VO","2","2304.94",1,-1,1,0,"Correct"
"D,2,IL","D","2","IL","42","mik_Db.avi","Male","AV_M","4","-2366.16",0,-2,-2,-2,"Ella to fill"
"D,2,IL","D","2","IL","25","lor_Ba.avi","Female","AO","2","2726.14",1,1,-1,-1,"Correct"
"D,2,IL","D","2","IL","38","mik_Bb.avi","Male","AV_C","2","2518.39",1,1,1,-1,"Correct"
"D,2,IL","D","2","IL","27","lor_Bg.avi","Female","AV_M","2","-3745.03",0,-2,-2,-2,"Ella to fill"
"D,2,IL","D","2","IL","34","lor_Gb.avi","Female","AV_M","7","-2068.76",0,-2,-2,-2,"Ella to fill"
"D,2,IL","D","2","IL","36","lor_Gv.avi","Female","VO","7","4240.48",1,-1,1,0,"Correct"
"D,2,IL","D","2","IL","45","mik_Ga.avi","Male","AO","7","2737.75",1,1,-1,-1,"Correct"
"D,2,IL","D","2","IL","37","mik_Ba.avi","Male","AO","2","2262.00",1,1,-1,-1,"Correct"
"D,2,IL","D","2","IL","30","lor_Db.avi","Female","AV_M","4","-2638.62",0,-2,-2,-2,"Ella to fill"
"D,2,IL","D","2","IL","18","mik_Db.avi","Male","AV_M","4","-2633.82",0,-2,-2,-2,"Ella to fill"
"D,2,IL","D","2","IL","2","lor_Bb.avi","Female","AV_C","2","2468.45",1,1,1,-1,"Correct"
"D,2,IL","D","2","IL","21","mik_Ga.avi","Male","AO","7","2340.08",1,1,-1,-1,"Correct"
"D,2,IL","D","2","IL","23","mik_Gg.avi","Male","AV_C","2","-2717.98",0,0,0,-1,"Incorrect"
"D,2,IL","D","2","IL","4","lor_Bv.avi","Female","VO","2","2358.76",1,-1,1,0,"Correct"
"D,2,IL","D","2","IL","11","lor_Gg.avi","Female","AV_C","7","2144.87",1,1,1,-1,"Correct"
"D,2,IL","D","2","IL","19","mik_Dd.avi","Male","AV_C","4","2329.12",1,1,1,-1,"Correct"
"D,2,IL","D","2","IL","24","mik_Gv.avi","Male","VO","4","-3114.99",0,-1,0,1,"Incorrect"
"D,2,IL","D","2","IL","6","lor_Db.avi","Female","AV_M","4","-2473.28",0,-2,-2,-2,"Ella to fill"
"D,2,IL","D","2","IL","10","lor_Gb.avi","Female","AV_M","7","-2833.90",0,-2,-2,-2,"Ella to fill"
"D,2,IL","D","2","IL","5","lor_Da.avi","Female","AO","4","2323.87",1,1,-1,-1,"Correct"
"D,2,IL","D","2","IL","13","mik_Ba.avi","Male","AO","2","2564.48",1,1,-1,-1,"Correct"
"D,2,IL","D","2","IL","1","lor_Ba.avi","Female","AO","2","3364.73",1,1,-1,-1,"Correct"
"D,2,IL","D","2","IL","3","lor_Bg.avi","Female","AV_M","7","-2019.95",0,-2,-2,-2,"Ella to fill"
"D,2,IL","D","2","IL","16","mik_Bv.avi","Male","VO","4","-3498.88",0,-1,0,1,"Incorrect"
"D,2,IL","D","2","IL","22","mik_Gb.avi","Male","AV_M","7","-2003.74",0,-2,-2,-2,"Ella to fill"
"D,2,IL","D","2","IL","7","lor_Dd.avi","Female","AV_C","4","4655.65",1,1,1,-1,"Correct"
"D,2,IL","D","2","IL","20","mik_Dv.avi","Male","VO","4","3609.83",1,-1,1,0,"Correct"
"D,2,IL","D","2","IL","12","lor_Gv.avi","Female","VO","7","2249.62",1,-1,1,0,"Correct"
"D,2,IL","D","2","IL","14","mik_Bb.avi","Male","AV_C","2","2703.07",1,1,1,-1,"Correct"
"D,2,IL","D","2","IL","9","lor_Ga.avi","Female","AO","7","2378.86",1,1,-1,-1,"Correct"
"D,2,IL","D","2","IL","17","mik_Da.avi","Male","AO","4","2491.79",1,1,-1,-1,"Correct"
"D,2,IL","D","2","IL","15","mik_Bg.avi","Male","AV_M","2","-2406.76",0,-2,-2,-2,"Ella to fill"
"D,2,IL","D","2","IL","8","lor_Dv.avi","Female","VO","7","-3303.29",0,-1,0,1,"Incorrect"
"D,2,IL","D","2","IL","95","mik_Gg_4dB.avi","Male","AV_C","4","-2759.39",0,0,0,-1,"Incorrect"
"D,2,IL","D","2","IL","92","mik_Dv_4dB.avi","Male","VO","4","2460.66",1,-1,1,0,"Correct"
"D,2,IL","D","2","IL","84","lor_Gv_4dB.avi","Female","VO","2","-3468.26",0,-1,0,1,"Incorrect"
"D,2,IL","D","2","IL","78","lor_Db_4dB.avi","Female","AV_M","7","-3167.79",0,-2,-2,-2,"Ella to fill"
"D,2,IL","D","2","IL","89","mik_Da_4dB.avi","Male","AO","4","2422.77",1,1,-1,-1,"Correct"
"D,2,IL","D","2","IL","83","lor_Gg_4dB.avi","Female","AV_C","7","2712.70",1,1,1,-1,"Correct"
"D,2,IL","D","2","IL","77","lor_Da_4dB.avi","Female","AO","7","-3988.66",0,0,-1,-1,"Incorrect"
"D,2,IL","D","2","IL","85","mik_Ba_4dB.avi","Male","AO","2","2991.68",1,1,-1,-1,"Correct"
"D,2,IL","D","2","IL","88","mik_Bv_4dB.avi","Male","VO","2","2198.02",1,-1,1,0,"Correct"
"D,2,IL","D","2","IL","87","mik_Bg_4dB.avi","Male","AV_M","4","4433.25",1,-2,-2,-2,"Ella to fill"
"D,2,IL","D","2","IL","94","mik_Gb_4dB.avi","Male","AV_M","7","-3968.82",0,-2,-2,-2,"Ella to fill"
"D,2,IL","D","2","IL","80","lor_Dv_4dB.avi","Female","VO","4","2651.25",1,-1,1,0,"Correct"
"D,2,IL","D","2","IL","75","lor_Bg_4dB.avi","Female","AV_M","7","-2126.22",0,-2,-2,-2,"Ella to fill"
"D,2,IL","D","2","IL","74","lor_Bb_4dB.avi","Female","AV_C","2","2564.46",1,1,1,-1,"Correct"
"D,2,IL","D","2","IL","81","lor_Ga_4dB.avi","Female","AO","7","2110.49",1,1,-1,-1,"Correct"
"D,2,IL","D","2","IL","96","mik_Gv_4dB.avi","Male","VO","4","-2554.04",0,-1,0,1,"Incorrect"
"D,2,IL","D","2","IL","93","mik_Ga_4dB.avi","Male","AO","7","2271.96",1,1,-1,-1,"Correct"
"D,2,IL","D","2","IL","79","lor_Dd_4dB.avi","Female","AV_C","7","-3505.24",0,0,0,-1,"Incorrect"
"D,2,IL","D","2","IL","86","mik_Bb_4dB.avi","Male","AV_C","2","2182.39",1,1,1,-1,"Correct"
"D,2,IL","D","2","IL","91","mik_Dd_4dB.avi","Male","AV_C","4","1843.31",1,1,1,-1,"Correct"
"D,2,IL","D","2","IL","76","lor_Bv_4dB.avi","Female","VO","2","2370.33",1,-1,1,0,"Correct"
"D,2,IL","D","2","IL","82","lor_Gb_4dB.avi","Female","AV_M","7","-2647.26",0,-2,-2,-2,"Ella to fill"
"D,2,IL","D","2","IL","73","lor_Ba_4dB.avi","Female","AO","2","2024.93",1,1,-1,-1,"Correct"
"D,2,IL","D","2","IL","90","mik_Db_4dB.avi","Male","AV_M","4","-2781.53",0,-2,-2,-2,"Ella to fill"
"D,2,IL","D","2","IL","70","mik_Gb_4dB.avi","Male","AV_M","7","-2576.86",0,-2,-2,-2,"Ella to fill"
"D,2,IL","D","2","IL","59","lor_Gg_4dB.avi","Female","AV_C","7","2468.15",1,1,1,-1,"Correct"
"D,2,IL","D","2","IL","66","mik_Db_4dB.avi","Male","AV_M","4","-2163.75",0,-2,-2,-2,"Ella to fill"
"D,2,IL","D","2","IL","61","mik_Ba_4dB.avi","Male","AO","2","2466.73",1,1,-1,-1,"Correct"
"D,2,IL","D","2","IL","53","lor_Da_4dB.avi","Female","AO","7","-2103.37",0,0,-1,-1,"Incorrect"
"D,2,IL","D","2","IL","71","mik_Gg_4dB.avi","Male","AV_C","4","-2062.30",0,0,0,-1,"Incorrect"
"D,2,IL","D","2","IL","55","lor_Dd_4dB.avi","Female","AV_C","4","2662.16",1,1,1,-1,"Correct"
"D,2,IL","D","2","IL","58","lor_Gb_4dB.avi","Female","AV_M","7","-2276.15",0,-2,-2,-2,"Ella to fill"
"D,2,IL","D","2","IL","56","lor_Dv_4dB.avi","Female","VO","4","2143.71",1,-1,1,0,"Correct"
"D,2,IL","D","2","IL","57","lor_Ga_4dB.avi","Female","AO","7","2884.76",1,1,-1,-1,"Correct"
"D,2,IL","D","2","IL","72","mik_Gv_4dB.avi","Male","VO","4","-2297.72",0,-1,0,1,"Incorrect"
"D,2,IL","D","2","IL","64","mik_Bv_4dB.avi","Male","VO","2","2256.73",1,-1,1,0,"Correct"
"D,2,IL","D","2","IL","68","mik_Dv_4dB.avi","Male","VO","4","2474.60",1,-1,1,0,"Correct"
"D,2,IL","D","2","IL","63","mik_Bg_4dB.avi","Male","AV_M","7","-3908.84",0,-2,-2,-2,"Ella to fill"
"D,2,IL","D","2","IL","50","lor_Bb_4dB.avi","Female","AV_C","2","2363.92",1,1,1,-1,"Correct"
"D,2,IL","D","2","IL","49","lor_Ba_4dB.avi","Female","AO","2","3271.89",1,1,-1,-1,"Correct"
"D,2,IL","D","2","IL","54","lor_Db_4dB.avi","Female","AV_M","4","-2974.77",0,-2,-2,-2,"Ella to fill"
"D,2,IL","D","2","IL","67","mik_Dd_4dB.avi","Male","AV_C","4","3540.75",1,1,1,-1,"Correct"
"D,2,IL","D","2","IL","69","mik_Ga_4dB.avi","Male","AO","4","-2075.63",0,0,-1,-1,"Incorrect"
"D,2,IL","D","2","IL","60","lor_Gv_4dB.avi","Female","VO","7","3631.57",1,-1,1,0,"Correct"
"D,2,IL","D","2","IL","51","lor_Bg_4dB.avi","Female","AV_M","7","-2467.37",0,-2,-2,-2,"Ella to fill"
"D,2,IL","D","2","IL","65","mik_Da_4dB.avi","Male","AO","4","3007.34",1,1,-1,-1,"Correct"
"D,2,IL","D","2","IL","62","mik_Bb_4dB.avi","Male","AV_C","2","3633.95",1,1,1,-1,"Correct"
"D,2,IL","D","2","IL","52","lor_Bv_4dB.avi","Female","VO","4","-4595.42",0,-1,0,1,"Incorrect"
"D,3,FM","D","3","FM","40","mik_Bv.avi","Male","VO","2","2157.10",1,-1,1,0,"Correct"
"D,3,FM","D","3","FM","30","lor_Db.avi","Female","AV_M","4","-2134.06",0,-2,-2,-2,"Ella to fill"
"D,3,FM","D","3","FM","33","lor_Ga.avi","Female","AO","7","1811.01",1,1,-1,-1,"Correct"
"D,3,FM","D","3","FM","27","lor_Bg.avi","Female","AV_M","2","-1529.58",0,-2,-2,-2,"Ella to fill"
"D,3,FM","D","3","FM","38","mik_Bb.avi","Male","AV_C","2","1483.61",1,1,1,-1,"Correct"
"D,3,FM","D","3","FM","32","lor_Dv.avi","Female","VO","4","2286.14",1,-1,1,0,"Correct"
"D,3,FM","D","3","FM","43","mik_Dd.avi","Male","AV_C","4","2639.05",1,1,1,-1,"Correct"
"D,3,FM","D","3","FM","44","mik_Dv.avi","Male","VO","4","1844.98",1,-1,1,0,"Correct"
"D,3,FM","D","3","FM","29","lor_Da.avi","Female","AO","4","2174.60",1,1,-1,-1,"Correct"
"D,3,FM","D","3","FM","26","lor_Bb.avi","Female","AV_C","2","1579.23",1,1,1,-1,"Correct"
"D,3,FM","D","3","FM","35","lor_Gg.avi","Female","AV_C","7","1962.48",1,1,1,-1,"Correct"
"D,3,FM","D","3","FM","28","lor_Bv.avi","Female","VO","2","1799.43",1,-1,1,0,"Correct"
"D,3,FM","D","3","FM","47","mik_Gg.avi","Male","AV_C","7","2144.40",1,1,1,-1,"Correct"
"D,3,FM","D","3","FM","45","mik_Ga.avi","Male","AO","7","1921.64",1,1,-1,-1,"Correct"
"D,3,FM","D","3","FM","37","mik_Ba.avi","Male","AO","2","1867.56",1,1,-1,-1,"Correct"
"D,3,FM","D","3","FM","48","mik_Gv.avi","Male","VO","4","-2655.80",0,-1,0,1,"Incorrect"
"D,3,FM","D","3","FM","42","mik_Db.avi","Male","AV_M","4","-2420.40",0,-2,-2,-2,"Ella to fill"
"D,3,FM","D","3","FM","31","lor_Dd.avi","Female","AV_C","4","2166.67",1,1,1,-1,"Correct"
"D,3,FM","D","3","FM","46","mik_Gb.avi","Male","AV_M","7","-2077.52",0,-2,-2,-2,"Ella to fill"
"D,3,FM","D","3","FM","41","mik_Da.avi","Male","AO","4","2941.54",1,1,-1,-1,"Correct"
"D,3,FM","D","3","FM","39","mik_Bg.avi","Male","AV_M","2","-1843.52",0,-2,-2,-2,"Ella to fill"
"D,3,FM","D","3","FM","36","lor_Gv.avi","Female","VO","4","-2544.04",0,-1,0,1,"Incorrect"
"D,3,FM","D","3","FM","34","lor_Gb.avi","Female","AV_M","7","-1703.03",0,-2,-2,-2,"Ella to fill"
"D,3,FM","D","3","FM","25","lor_Ba.avi","Female","AO","2","1657.98",1,1,-1,-1,"Correct"
"D,3,FM","D","3","FM","21","mik_Ga.avi","Male","AO","7","2068.10",1,1,-1,-1,"Correct"
"D,3,FM","D","3","FM","10","lor_Gb.avi","Female","AV_M","7","-1801.04",0,-2,-2,-2,"Ella to fill"
"D,3,FM","D","3","FM","12","lor_Gv.avi","Female","VO","4","-2421.34",0,-1,0,1,"Incorrect"
"D,3,FM","D","3","FM","6","lor_Db.avi","Female","AV_M","4","-2212.94",0,-2,-2,-2,"Ella to fill"
"D,3,FM","D","3","FM","11","lor_Gg.avi","Female","AV_C","7","1877.23",1,1,1,-1,"Correct"
"D,3,FM","D","3","FM","24","mik_Gv.avi","Male","VO","4","-1848.53",0,-1,0,1,"Incorrect"
"D,3,FM","D","3","FM","18","mik_Db.avi","Male","AV_M","4","-2102.79",0,-2,-2,-2,"Ella to fill"
"D,3,FM","D","3","FM","15","mik_Bg.avi","Male","AV_M","2","-1841.06",0,-2,-2,-2,"Ella to fill"
"D,3,FM","D","3","FM","19","mik_Dd.avi","Male","AV_C","4","2533.29",1,1,1,-1,"Correct"
"D,3,FM","D","3","FM","14","mik_Bb.avi","Male","AV_C","2","1571.56",1,1,1,-1,"Correct"
"D,3,FM","D","3","FM","5","lor_Da.avi","Female","AO","4","2362.79",1,1,-1,-1,"Correct"
"D,3,FM","D","3","FM","23","mik_Gg.avi","Male","AV_C","7","1973.43",1,1,1,-1,"Correct"
"D,3,FM","D","3","FM","16","mik_Bv.avi","Male","VO","2","2577.50",1,-1,1,0,"Correct"
"D,3,FM","D","3","FM","2","lor_Bb.avi","Female","AV_C","2","1926.21",1,1,1,-1,"Correct"
"D,3,FM","D","3","FM","17","mik_Da.avi","Male","AO","4","2186.21",1,1,-1,-1,"Correct"
"D,3,FM","D","3","FM","20","mik_Dv.avi","Male","VO","4","1846.45",1,-1,1,0,"Correct"
"D,3,FM","D","3","FM","9","lor_Ga.avi","Female","AO","7","1809.40",1,1,-1,-1,"Correct"
"D,3,FM","D","3","FM","3","lor_Bg.avi","Female","AV_M","2","-1635.37",0,-2,-2,-2,"Ella to fill"
"D,3,FM","D","3","FM","7","lor_Dd.avi","Female","AV_C","4","2224.64",1,1,1,-1,"Correct"
"D,3,FM","D","3","FM","1","lor_Ba.avi","Female","AO","2","2188.58",1,1,-1,-1,"Correct"
"D,3,FM","D","3","FM","8","lor_Dv.avi","Female","VO","4","2055.86",1,-1,1,0,"Correct"
"D,3,FM","D","3","FM","4","lor_Bv.avi","Female","VO","2","1916.83",1,-1,1,0,"Correct"
"D,3,FM","D","3","FM","22","mik_Gb.avi","Male","AV_M","7","-1805.72",0,-2,-2,-2,"Ella to fill"
"D,3,FM","D","3","FM","13","mik_Ba.avi","Male","AO","2","1820.68",1,1,-1,-1,"Correct"
"D,3,FM","D","3","FM","54","lor_Db_4dB.avi","Female","AV_M","7","-1983.40",0,-2,-2,-2,"Ella to fill"
"D,3,FM","D","3","FM","66","mik_Db_4dB.avi","Male","AV_M","4","-2308.71",0,-2,-2,-2,"Ella to fill"
"D,3,FM","D","3","FM","67","mik_Dd_4dB.avi","Male","AV_C","4","3192.27",1,1,1,-1,"Correct"
"D,3,FM","D","3","FM","70","mik_Gb_4dB.avi","Male","AV_M","7","-2012.90",0,-2,-2,-2,"Ella to fill"
"D,3,FM","D","3","FM","56","lor_Dv_4dB.avi","Female","VO","4","2700.54",1,-1,1,0,"Correct"
"D,3,FM","D","3","FM","58","lor_Gb_4dB.avi","Female","AV_M","7","-1992.58",0,-2,-2,-2,"Ella to fill"
"D,3,FM","D","3","FM","61","mik_Ba_4dB.avi","Male","AO","2","1833.26",1,1,-1,-1,"Correct"
"D,3,FM","D","3","FM","49","lor_Ba_4dB.avi","Female","AO","2","2034.41",1,1,-1,-1,"Correct"
"D,3,FM","D","3","FM","52","lor_Bv_4dB.avi","Female","VO","2","1992.35",1,-1,1,0,"Correct"
"D,3,FM","D","3","FM","55","lor_Dd_4dB.avi","Female","AV_C","7","-1897.30",0,0,0,-1,"Incorrect"
"D,3,FM","D","3","FM","62","mik_Bb_4dB.avi","Male","AV_C","2","1829.25",1,1,1,-1,"Correct"
"D,3,FM","D","3","FM","53","lor_Da_4dB.avi","Female","AO","7","-2124.58",0,0,-1,-1,"Incorrect"
"D,3,FM","D","3","FM","51","lor_Bg_4dB.avi","Female","AV_M","2","-2567.48",0,-2,-2,-2,"Ella to fill"
"D,3,FM","D","3","FM","71","mik_Gg_4dB.avi","Male","AV_C","7","1978.17",1,1,1,-1,"Correct"
"D,3,FM","D","3","FM","57","lor_Ga_4dB.avi","Female","AO","7","1899.34",1,1,-1,-1,"Correct"
"D,3,FM","D","3","FM","60","lor_Gv_4dB.avi","Female","VO","4","-2906.00",0,-1,0,1,"Incorrect"
"D,3,FM","D","3","FM","68","mik_Dv_4dB.avi","Male","VO","4","2017.68",1,-1,1,0,"Correct"
"D,3,FM","D","3","FM","65","mik_Da_4dB.avi","Male","AO","4","2292.25",1,1,-1,-1,"Correct"
"D,3,FM","D","3","FM","64","mik_Bv_4dB.avi","Male","VO","2","2383.49",1,-1,1,0,"Correct"
"D,3,FM","D","3","FM","63","mik_Bg_4dB.avi","Male","AV_M","4","2733.80",1,-2,-2,-2,"Ella to fill"
"D,3,FM","D","3","FM","59","lor_Gg_4dB.avi","Female","AV_C","7","1813.38",1,1,1,-1,"Correct"
"D,3,FM","D","3","FM","72","mik_Gv_4dB.avi","Male","VO","4","-1912.02",0,-1,0,1,"Incorrect"
"D,3,FM","D","3","FM","50","lor_Bb_4dB.avi","Female","AV_C","2","1710.95",1,1,1,-1,"Correct"
"D,3,FM","D","3","FM","69","mik_Ga_4dB.avi","Male","AO","7","2124.58",1,1,-1,-1,"Correct"
"D,3,FM","D","3","FM","96","mik_Gv_4dB.avi","Male","VO","4","-1957.28",0,-1,0,1,"Incorrect"
"D,3,FM","D","3","FM","86","mik_Bb_4dB.avi","Male","AV_C","2","1766.86",1,1,1,-1,"Correct"
"D,3,FM","D","3","FM","77","lor_Da_4dB.avi","Female","AO","7","-1871.83",0,0,-1,-1,"Incorrect"
"D,3,FM","D","3","FM","82","lor_Gb_4dB.avi","Female","AV_M","7","-2044.78",0,-2,-2,-2,"Ella to fill"
"D,3,FM","D","3","FM","74","lor_Bb_4dB.avi","Female","AV_C","2","1814.38",1,1,1,-1,"Correct"
"D,3,FM","D","3","FM","93","mik_Ga_4dB.avi","Male","AO","7","1840.09",1,1,-1,-1,"Correct"
"D,3,FM","D","3","FM","85","mik_Ba_4dB.avi","Male","AO","2","1888.62",1,1,-1,-1,"Correct"
"D,3,FM","D","3","FM","78","lor_Db_4dB.avi","Female","AV_M","7","-2076.23",0,-2,-2,-2,"Ella to fill"
"D,3,FM","D","3","FM","89","mik_Da_4dB.avi","Male","AO","4","2079.86",1,1,-1,-1,"Correct"
"D,3,FM","D","3","FM","83","lor_Gg_4dB.avi","Female","AV_C","7","1886.53",1,1,1,-1,"Correct"
"D,3,FM","D","3","FM","95","mik_Gg_4dB.avi","Male","AV_C","7","2085.48",1,1,1,-1,"Correct"
"D,3,FM","D","3","FM","90","mik_Db_4dB.avi","Male","AV_M","4","-2053.39",0,-2,-2,-2,"Ella to fill"
"D,3,FM","D","3","FM","87","mik_Bg_4dB.avi","Male","AV_M","4","2394.34",1,-2,-2,-2,"Ella to fill"
"D,3,FM","D","3","FM","81","lor_Ga_4dB.avi","Female","AO","7","2198.52",1,1,-1,-1,"Correct"
"D,3,FM","D","3","FM","94","mik_Gb_4dB.avi","Male","AV_M","7","-2775.49",0,-2,-2,-2,"Ella to fill"
"D,3,FM","D","3","FM","84","lor_Gv_4dB.avi","Female","VO","2","-3039.76",0,-1,0,1,"Incorrect"
"D,3,FM","D","3","FM","92","mik_Dv_4dB.avi","Male","VO","4","2102.10",1,-1,1,0,"Correct"
"D,3,FM","D","3","FM","75","lor_Bg_4dB.avi","Female","AV_M","2","-2449.03",0,-2,-2,-2,"Ella to fill"
"D,3,FM","D","3","FM","88","mik_Bv_4dB.avi","Male","VO","2","1464.37",1,-1,1,0,"Correct"
"D,3,FM","D","3","FM","73","lor_Ba_4dB.avi","Female","AO","2","1785.32",1,1,-1,-1,"Correct"
"D,3,FM","D","3","FM","91","mik_Dd_4dB.avi","Male","AV_C","4","1745.91",1,1,1,-1,"Correct"
"D,3,FM","D","3","FM","79","lor_Dd_4dB.avi","Female","AV_C","7","-2039.22",0,0,0,-1,"Incorrect"
"D,3,FM","D","3","FM","80","lor_Dv_4dB.avi","Female","VO","4","2164.12",1,-1,1,0,"Correct"
"D,3,FM","D","3","FM","76","lor_Bv_4dB.avi","Female","VO","2","1724.45",1,-1,1,0,"Correct"
"D,4,IM","D","4","IM","32","lor_Dv.avi","Female","VO","2","-4363.62",0,-1,0,1,"Incorrect"
"D,4,IM","D","4","IM","38","mik_Bb.avi","Male","AV_C","2","3337.89",1,1,1,-1,"Correct"
"D,4,IM","D","4","IM","35","lor_Gg.avi","Female","AV_C","7","2317.13",1,1,1,-1,"Correct"
"D,4,IM","D","4","IM","47","mik_Gg.avi","Male","AV_C","7","2548.75",1,1,1,-1,"Correct"
"D,4,IM","D","4","IM","36","lor_Gv.avi","Female","VO","7","2222.59",1,-1,1,0,"Correct"
"D,4,IM","D","4","IM","43","mik_Dd.avi","Male","AV_C","4","2128.29",1,1,1,-1,"Correct"
"D,4,IM","D","4","IM","44","mik_Dv.avi","Male","VO","4","2156.18",1,-1,1,0,"Correct"
"D,4,IM","D","4","IM","46","mik_Gb.avi","Male","AV_M","7","-1990.16",0,-2,-2,-2,"Ella to fill"
"D,4,IM","D","4","IM","42","mik_Db.avi","Male","AV_M","4","-2076.09",0,-2,-2,-2,"Ella to fill"
"D,4,IM","D","4","IM","29","lor_Da.avi","Female","AO","4","2255.36",1,1,-1,-1,"Correct"
"D,4,IM","D","4","IM","37","mik_Ba.avi","Male","AO","2","2127.66",1,1,-1,-1,"Correct"
"D,4,IM","D","4","IM","41","mik_Da.avi","Male","AO","4","2482.23",1,1,-1,-1,"Correct"
"D,4,IM","D","4","IM","48","mik_Gv.avi","Male","VO","4","-2003.19",0,-1,0,1,"Incorrect"
"D,4,IM","D","4","IM","40","mik_Bv.avi","Male","VO","2","2836.75",1,-1,1,0,"Correct"
"D,4,IM","D","4","IM","27","lor_Bg.avi","Female","AV_M","2","-3118.67",0,-2,-2,-2,"Ella to fill"
"D,4,IM","D","4","IM","39","mik_Bg.avi","Male","AV_M","2","-4651.59",0,-2,-2,-2,"Ella to fill"
"D,4,IM","D","4","IM","30","lor_Db.avi","Female","AV_M","4","-2171.14",0,-2,-2,-2,"Ella to fill"
"D,4,IM","D","4","IM","33","lor_Ga.avi","Female","AO","7","2261.43",1,1,-1,-1,"Correct"
"D,4,IM","D","4","IM","45","mik_Ga.avi","Male","AO","7","3449.68",1,1,-1,-1,"Correct"
"D,4,IM","D","4","IM","26","lor_Bb.avi","Female","AV_C","2","2585.60",1,1,1,-1,"Correct"
"D,4,IM","D","4","IM","25","lor_Ba.avi","Female","AO","2","2484.84",1,1,-1,-1,"Correct"
"D,4,IM","D","4","IM","34","lor_Gb.avi","Female","AV_M","7","-3358.43",0,-2,-2,-2,"Ella to fill"
"D,4,IM","D","4","IM","28","lor_Bv.avi","Female","VO","2","3401.37",1,-1,1,0,"Correct"
"D,4,IM","D","4","IM","31","lor_Dd.avi","Female","AV_C","4","2128.30",1,1,1,-1,"Correct"
"D,4,IM","D","4","IM","19","mik_Dd.avi","Male","AV_C","4","2428.56",1,1,1,-1,"Correct"
"D,4,IM","D","4","IM","12","lor_Gv.avi","Female","VO","7","2498.80",1,-1,1,0,"Correct"
"D,4,IM","D","4","IM","14","mik_Bb.avi","Male","AV_C","2","2907.68",1,1,1,-1,"Correct"
"D,4,IM","D","4","IM","3","lor_Bg.avi","Female","AV_M","2","-3381.35",0,-2,-2,-2,"Ella to fill"
"D,4,IM","D","4","IM","6","lor_Db.avi","Female","AV_M","4","-2458.60",0,-2,-2,-2,"Ella to fill"
"D,4,IM","D","4","IM","22","mik_Gb.avi","Male","AV_M","7","-2083.56",0,-2,-2,-2,"Ella to fill"
"D,4,IM","D","4","IM","21","mik_Ga.avi","Male","AO","7","5232.12",1,1,-1,-1,"Correct"
"D,4,IM","D","4","IM","23","mik_Gg.avi","Male","AV_C","7","2256.84",1,1,1,-1,"Correct"
"D,4,IM","D","4","IM","1","lor_Ba.avi","Female","AO","2","4293.06",1,1,-1,-1,"Correct"
"D,4,IM","D","4","IM","13","mik_Ba.avi","Male","AO","2","2299.33",1,1,-1,-1,"Correct"
"D,4,IM","D","4","IM","18","mik_Db.avi","Male","AV_M","4","-2882.26",0,-2,-2,-2,"Ella to fill"
"D,4,IM","D","4","IM","16","mik_Bv.avi","Male","VO","2","2647.20",1,-1,1,0,"Correct"
"D,4,IM","D","4","IM","20","mik_Dv.avi","Male","VO","4","2523.16",1,-1,1,0,"Correct"
"D,4,IM","D","4","IM","11","lor_Gg.avi","Female","AV_C","7","2663.40",1,1,1,-1,"Correct"
"D,4,IM","D","4","IM","24","mik_Gv.avi","Male","VO","4","-2368.38",0,-1,0,1,"Incorrect"
"D,4,IM","D","4","IM","4","lor_Bv.avi","Female","VO","2","2515.89",1,-1,1,0,"Correct"
"D,4,IM","D","4","IM","17","mik_Da.avi","Male","AO","4","2649.81",1,1,-1,-1,"Correct"
"D,4,IM","D","4","IM","2","lor_Bb.avi","Female","AV_C","2","2592.09",1,1,1,-1,"Correct"
"D,4,IM","D","4","IM","5","lor_Da.avi","Female","AO","4","3391.38",1,1,-1,-1,"Correct"
"D,4,IM","D","4","IM","10","lor_Gb.avi","Female","AV_M","7","-1961.02",0,-2,-2,-2,"Ella to fill"
"D,4,IM","D","4","IM","7","lor_Dd.avi","Female","AV_C","4","3026.57",1,1,1,-1,"Correct"
"D,4,IM","D","4","IM","15","mik_Bg.avi","Male","AV_M","2","-2646.13",0,-2,-2,-2,"Ella to fill"
"D,4,IM","D","4","IM","9","lor_Ga.avi","Female","AO","7","2124.12",1,1,-1,-1,"Correct"
"D,4,IM","D","4","IM","8","lor_Dv.avi","Female","VO","4","2127.05",1,-1,1,0,"Correct"
"D,4,IM","D","4","IM","64","mik_Bv_4dB.avi","Male","VO","2","3134.32",1,-1,1,0,"Correct"
"D,4,IM","D","4","IM","60","lor_Gv_4dB.avi","Female","VO","2","-3530.27",0,-1,0,1,"Incorrect"
"D,4,IM","D","4","IM","66","mik_Db_4dB.avi","Male","AV_M","4","-2498.12",0,-2,-2,-2,"Ella to fill"
"D,4,IM","D","4","IM","67","mik_Dd_4dB.avi","Male","AV_C","4","2205.76",1,1,1,-1,"Correct"
"D,4,IM","D","4","IM","54","lor_Db_4dB.avi","Female","AV_M","4","-2302.04",0,-2,-2,-2,"Ella to fill"
"D,4,IM","D","4","IM","70","mik_Gb_4dB.avi","Male","AV_M","4","2534.99",1,-2,-2,-2,"Ella to fill"
"D,4,IM","D","4","IM","52","lor_Bv_4dB.avi","Female","VO","2","3152.25",1,-1,1,0,"Correct"
"D,4,IM","D","4","IM","61","mik_Ba_4dB.avi","Male","AO","2","3076.91",1,1,-1,-1,"Correct"
"D,4,IM","D","4","IM","59","lor_Gg_4dB.avi","Female","AV_C","7","2757.54",1,1,1,-1,"Correct"
"D,4,IM","D","4","IM","71","mik_Gg_4dB.avi","Male","AV_C","4","-2432.18",0,0,0,-1,"Incorrect"
"D,4,IM","D","4","IM","69","mik_Ga_4dB.avi","Male","AO","7","3229.68",1,1,-1,-1,"Correct"
"D,4,IM","D","4","IM","65","mik_Da_4dB.avi","Male","AO","4","2290.36",1,1,-1,-1,"Correct"
"D,4,IM","D","4","IM","58","lor_Gb_4dB.avi","Female","AV_M","7","-2558.61",0,-2,-2,-2,"Ella to fill"
"D,4,IM","D","4","IM","53","lor_Da_4dB.avi","Female","AO","7","-2379.56",0,0,-1,-1,"Incorrect"
"D,4,IM","D","4","IM","68","mik_Dv_4dB.avi","Male","VO","4","2529.45",1,-1,1,0,"Correct"
"D,4,IM","D","4","IM","55","lor_Dd_4dB.avi","Female","AV_C","4","2165.42",1,1,1,-1,"Correct"
"D,4,IM","D","4","IM","56","lor_Dv_4dB.avi","Female","VO","4","2527.05",1,-1,1,0,"Correct"
"D,4,IM","D","4","IM","62","mik_Bb_4dB.avi","Male","AV_C","2","2628.35",1,1,1,-1,"Correct"
"D,4,IM","D","4","IM","63","mik_Bg_4dB.avi","Male","AV_M","4","2505.29",1,-2,-2,-2,"Ella to fill"
"D,4,IM","D","4","IM","50","lor_Bb_4dB.avi","Female","AV_C","2","2332.16",1,1,1,-1,"Correct"
"D,4,IM","D","4","IM","49","lor_Ba_4dB.avi","Female","AO","2","2351.11",1,1,-1,-1,"Correct"
"D,4,IM","D","4","IM","57","lor_Ga_4dB.avi","Female","AO","7","2991.75",1,1,-1,-1,"Correct"
"D,4,IM","D","4","IM","51","lor_Bg_4dB.avi","Female","AV_M","7","-3173.37",0,-2,-2,-2,"Ella to fill"
"D,4,IM","D","4","IM","72","mik_Gv_4dB.avi","Male","VO","4","-2219.04",0,-1,0,1,"Incorrect"
"D,4,IM","D","4","IM","92","mik_Dv_4dB.avi","Male","VO","4","1896.06",1,-1,1,0,"Correct"
"D,4,IM","D","4","IM","95","mik_Gg_4dB.avi","Male","AV_C","4","-2476.35",0,0,0,-1,"Incorrect"
"D,4,IM","D","4","IM","78","lor_Db_4dB.avi","Female","AV_M","7","-3447.19",0,-2,-2,-2,"Ella to fill"
"D,4,IM","D","4","IM","89","mik_Da_4dB.avi","Male","AO","4","2453.43",1,1,-1,-1,"Correct"
"D,4,IM","D","4","IM","94","mik_Gb_4dB.avi","Male","AV_M","4","2310.05",1,-2,-2,-2,"Ella to fill"
"D,4,IM","D","4","IM","75","lor_Bg_4dB.avi","Female","AV_M","7","-2785.67",0,-2,-2,-2,"Ella to fill"
"D,4,IM","D","4","IM","77","lor_Da_4dB.avi","Female","AO","4","3721.38",1,1,-1,-1,"Correct"
"D,4,IM","D","4","IM","86","mik_Bb_4dB.avi","Male","AV_C","2","2396.75",1,1,1,-1,"Correct"
"D,4,IM","D","4","IM","96","mik_Gv_4dB.avi","Male","VO","4","-3128.02",0,-1,0,1,"Incorrect"
"D,4,IM","D","4","IM","90","mik_Db_4dB.avi","Male","AV_M","4","-2264.20",0,-2,-2,-2,"Ella to fill"
"D,4,IM","D","4","IM","73","lor_Ba_4dB.avi","Female","AO","2","2726.77",1,1,-1,-1,"Correct"
"D,4,IM","D","4","IM","84","lor_Gv_4dB.avi","Female","VO","7","4183.08",1,-1,1,0,"Correct"
"D,4,IM","D","4","IM","88","mik_Bv_4dB.avi","Male","VO","2","3047.18",1,-1,1,0,"Correct"
"D,4,IM","D","4","IM","74","lor_Bb_4dB.avi","Female","AV_C","2","3880.97",1,1,1,-1,"Correct"
"D,4,IM","D","4","IM","87","mik_Bg_4dB.avi","Male","AV_M","4","2675.14",1,-2,-2,-2,"Ella to fill"
"D,4,IM","D","4","IM","83","lor_Gg_4dB.avi","Female","AV_C","7","1714.71",1,1,1,-1,"Correct"
"D,4,IM","D","4","IM","79","lor_Dd_4dB.avi","Female","AV_C","4","2260.36",1,1,1,-1,"Correct"
"D,4,IM","D","4","IM","76","lor_Bv_4dB.avi","Female","VO","2","2778.93",1,-1,1,0,"Correct"
"D,4,IM","D","4","IM","91","mik_Dd_4dB.avi","Male","AV_C","4","2207.60",1,1,1,-1,"Correct"
"D,4,IM","D","4","IM","93","mik_Ga_4dB.avi","Male","AO","4","-2299.46",0,0,-1,-1,"Incorrect"
"D,4,IM","D","4","IM","85","mik_Ba_4dB.avi","Male","AO","2","2709.09",1,1,-1,-1,"Correct"
"D,4,IM","D","4","IM","81","lor_Ga_4dB.avi","Female","AO","7","2649.37",1,1,-1,-1,"Correct"
"D,4,IM","D","4","IM","80","lor_Dv_4dB.avi","Female","VO","4","2805.06",1,-1,1,0,"Correct"
"D,4,IM","D","4","IM","82","lor_Gb_4dB.avi","Female","AV_M","7","-2258.04",0,-2,-2,-2,"Ella to fill"
"D,5,EM","D","5","EM","36","lor_Gv.avi","Female","VO","2","-5514.50",0,-1,0,1,"Incorrect"
"D,5,EM","D","5","EM","30","lor_Db.avi","Female","AV_M","4","-3693.79",0,-2,-2,-2,"Ella to fill"
"D,5,EM","D","5","EM","38","mik_Bb.avi","Male","AV_C","2","3291.28",1,1,1,-1,"Correct"
"D,5,EM","D","5","EM","43","mik_Dd.avi","Male","AV_C","4","2081.49",1,1,1,-1,"Correct"
"D,5,EM","D","5","EM","31","lor_Dd.avi","Female","AV_C","4","2334.13",1,1,1,-1,"Correct"
"D,5,EM","D","5","EM","25","lor_Ba.avi","Female","AO","2","2528.08",1,1,-1,-1,"Correct"
"D,5,EM","D","5","EM","35","lor_Gg.avi","Female","AV_C","7","3228.04",1,1,1,-1,"Correct"
"D,5,EM","D","5","EM","29","lor_Da.avi","Female","AO","4","2693.33",1,1,-1,-1,"Correct"
"D,5,EM","D","5","EM","42","mik_Db.avi","Male","AV_M","4","-3884.24",0,-2,-2,-2,"Ella to fill"
"D,5,EM","D","5","EM","32","lor_Dv.avi","Female","VO","4","2922.59",1,-1,1,0,"Correct"
"D,5,EM","D","5","EM","28","lor_Bv.avi","Female","VO","2","2384.58",1,-1,1,0,"Correct"
"D,5,EM","D","5","EM","26","lor_Bb.avi","Female","AV_C","2","2231.20",1,1,1,-1,"Correct"
"D,5,EM","D","5","EM","33","lor_Ga.avi","Female","AO","7","3236.16",1,1,-1,-1,"Correct"
"D,5,EM","D","5","EM","44","mik_Dv.avi","Male","VO","4","2481.08",1,-1,1,0,"Correct"
"D,5,EM","D","5","EM","48","mik_Gv.avi","Male","VO","4","-2568.32",0,-1,0,1,"Incorrect"
"D,5,EM","D","5","EM","45","mik_Ga.avi","Male","AO","7","2874.85",1,1,-1,-1,"Correct"
"D,5,EM","D","5","EM","41","mik_Da.avi","Male","AO","4","2310.82",1,1,-1,-1,"Correct"
"D,5,EM","D","5","EM","46","mik_Gb.avi","Male","AV_M","4","3442.40",1,-2,-2,-2,"Ella to fill"
"D,5,EM","D","5","EM","40","mik_Bv.avi","Male","VO","2","2363.97",1,-1,1,0,"Correct"
"D,5,EM","D","5","EM","39","mik_Bg.avi","Male","AV_M","2","-3590.90",0,-2,-2,-2,"Ella to fill"
"D,5,EM","D","5","EM","34","lor_Gb.avi","Female","AV_M","7","-2777.75",0,-2,-2,-2,"Ella to fill"
"D,5,EM","D","5","EM","47","mik_Gg.avi","Male","AV_C","7","2521.16",1,1,1,-1,"Correct"
"D,5,EM","D","5","EM","27","lor_Bg.avi","Female","AV_M","2","-2989.93",0,-2,-2,-2,"Ella to fill"
"D,5,EM","D","5","EM","37","mik_Ba.avi","Male","AO","2","2457.57",1,1,-1,-1,"Correct"
"D,5,EM","D","5","EM","10","lor_Gb.avi","Female","AV_M","7","-2671.02",0,-2,-2,-2,"Ella to fill"
"D,5,EM","D","5","EM","15","mik_Bg.avi","Male","AV_M","2","-2891.63",0,-2,-2,-2,"Ella to fill"
"D,5,EM","D","5","EM","1","lor_Ba.avi","Female","AO","2","2632.82",1,1,-1,-1,"Correct"
"D,5,EM","D","5","EM","20","mik_Dv.avi","Male","VO","4","2752.15",1,-1,1,0,"Correct"
"D,5,EM","D","5","EM","13","mik_Ba.avi","Male","AO","2","2550.39",1,1,-1,-1,"Correct"
"D,5,EM","D","5","EM","23","mik_Gg.avi","Male","AV_C","7","2492.38",1,1,1,-1,"Correct"
"D,5,EM","D","5","EM","14","mik_Bb.avi","Male","AV_C","2","2696.59",1,1,1,-1,"Correct"
"D,5,EM","D","5","EM","24","mik_Gv.avi","Male","VO","4","-4451.50",0,-1,0,1,"Incorrect"
"D,5,EM","D","5","EM","2","lor_Bb.avi","Female","AV_C","2","2095.11",1,1,1,-1,"Correct"
"D,5,EM","D","5","EM","11","lor_Gg.avi","Female","AV_C","7","2476.04",1,1,1,-1,"Correct"
"D,5,EM","D","5","EM","16","mik_Bv.avi","Male","VO","2","2800.99",1,-1,1,0,"Correct"
"D,5,EM","D","5","EM","6","lor_Db.avi","Female","AV_M","4","-2948.55",0,-2,-2,-2,"Ella to fill"
"D,5,EM","D","5","EM","4","lor_Bv.avi","Female","VO","2","2181.23",1,-1,1,0,"Correct"
"D,5,EM","D","5","EM","18","mik_Db.avi","Male","AV_M","4","-2771.83",0,-2,-2,-2,"Ella to fill"
"D,5,EM","D","5","EM","19","mik_Dd.avi","Male","AV_C","4","1898.74",1,1,1,-1,"Correct"
"D,5,EM","D","5","EM","12","lor_Gv.avi","Female","VO","7","5092.58",1,-1,1,0,"Correct"
"D,5,EM","D","5","EM","5","lor_Da.avi","Female","AO","4","2537.32",1,1,-1,-1,"Correct"
"D,5,EM","D","5","EM","22","mik_Gb.avi","Male","AV_M","7","-2446.58",0,-2,-2,-2,"Ella to fill"
"D,5,EM","D","5","EM","3","lor_Bg.avi","Female","AV_M","2","-3606.60",0,-2,-2,-2,"Ella to fill"
"D,5,EM","D","5","EM","9","lor_Ga.avi","Female","AO","7","2522.02",1,1,-1,-1,"Correct"
"D,5,EM","D","5","EM","17","mik_Da.avi","Male","AO","4","4043.60",1,1,-1,-1,"Correct"
"D,5,EM","D","5","EM","8","lor_Dv.avi","Female","VO","4","2974.33",1,-1,1,0,"Correct"
"D,5,EM","D","5","EM","21","mik_Ga.avi","Male","AO","7","2350.62",1,1,-1,-1,"Correct"
"D,5,EM","D","5","EM","7","lor_Dd.avi","Female","AV_C","4","2631.20",1,1,1,-1,"Correct"
"D,5,EM","D","5","EM","59","lor_Gg_4dB.avi","Female","AV_C","7","2330.50",1,1,1,-1,"Correct"
"D,5,EM","D","5","EM","56","lor_Dv_4dB.avi","Female","VO","4","2394.12",1,-1,1,0,"Correct"
"D,5,EM","D","5","EM","49","lor_Ba_4dB.avi","Female","AO","2","2269.09",1,1,-1,-1,"Correct"
"D,5,EM","D","5","EM","51","lor_Bg_4dB.avi","Female","AV_M","7","-2481.31",0,-2,-2,-2,"Ella to fill"
"D,5,EM","D","5","EM","57","lor_Ga_4dB.avi","Female","AO","7","2683.91",1,1,-1,-1,"Correct"
"D,5,EM","D","5","EM","62","mik_Bb_4dB.avi","Male","AV_C","2","2048.58",1,1,1,-1,"Correct"
"D,5,EM","D","5","EM","50","lor_Bb_4dB.avi","Female","AV_C","2","1832.21",1,1,1,-1,"Correct"
"D,5,EM","D","5","EM","71","mik_Gg_4dB.avi","Male","AV_C","4","-2283.51",0,0,0,-1,"Incorrect"
"D,5,EM","D","5","EM","53","lor_Da_4dB.avi","Female","AO","4","2218.03",1,1,-1,-1,"Correct"
"D,5,EM","D","5","EM","52","lor_Bv_4dB.avi","Female","VO","2","2395.35",1,-1,1,0,"Correct"
"D,5,EM","D","5","EM","61","mik_Ba_4dB.avi","Male","AO","2","3216.33",1,1,-1,-1,"Correct"
"D,5,EM","D","5","EM","65","mik_Da_4dB.avi","Male","AO","4","4044.61",1,1,-1,-1,"Correct"
"D,5,EM","D","5","EM","69","mik_Ga_4dB.avi","Male","AO","4","-2202.66",0,0,-1,-1,"Incorrect"
"D,5,EM","D","5","EM","68","mik_Dv_4dB.avi","Male","VO","4","2718.58",1,-1,1,0,"Correct"
"D,5,EM","D","5","EM","66","mik_Db_4dB.avi","Male","AV_M","4","-2957.85",0,-2,-2,-2,"Ella to fill"
"D,5,EM","D","5","EM","67","mik_Dd_4dB.avi","Male","AV_C","4","2147.82",1,1,1,-1,"Correct"
"D,5,EM","D","5","EM","58","lor_Gb_4dB.avi","Female","AV_M","7","-2772.40",0,-2,-2,-2,"Ella to fill"
"D,5,EM","D","5","EM","54","lor_Db_4dB.avi","Female","AV_M","7","-2768.04",0,-2,-2,-2,"Ella to fill"
"D,5,EM","D","5","EM","70","mik_Gb_4dB.avi","Male","AV_M","7","-2932.32",0,-2,-2,-2,"Ella to fill"
"D,5,EM","D","5","EM","60","lor_Gv_4dB.avi","Female","VO","7","3177.60",1,-1,1,0,"Correct"
"D,5,EM","D","5","EM","63","mik_Bg_4dB.avi","Male","AV_M","7","-3588.86",0,-2,-2,-2,"Ella to fill"
"D,5,EM","D","5","EM","55","lor_Dd_4dB.avi","Female","AV_C","7","-2452.68",0,0,0,-1,"Incorrect"
"D,5,EM","D","5","EM","72","mik_Gv_4dB.avi","Male","VO","7","2304.58",1,-1,1,0,"Correct"
"D,5,EM","D","5","EM","64","mik_Bv_4dB.avi","Male","VO","2","2212.55",1,-1,1,0,"Correct"
"D,5,EM","D","5","EM","74","lor_Bb_4dB.avi","Female","AV_C","2","2140.17",1,1,1,-1,"Correct"
"D,5,EM","D","5","EM","96","mik_Gv_4dB.avi","Male","VO","4","-3210.12",0,-1,0,1,"Incorrect"
"D,5,EM","D","5","EM","93","mik_Ga_4dB.avi","Male","AO","7","3488.40",1,1,-1,-1,"Correct"
"D,5,EM","D","5","EM","78","lor_Db_4dB.avi","Female","AV_M","7","-2682.53",0,-2,-2,-2,"Ella to fill"
"D,5,EM","D","5","EM","90","mik_Db_4dB.avi","Male","AV_M","4","-2667.85",0,-2,-2,-2,"Ella to fill"
"D,5,EM","D","5","EM","91","mik_Dd_4dB.avi","Male","AV_C","4","2290.80",1,1,1,-1,"Correct"
"D,5,EM","D","5","EM","80","lor_Dv_4dB.avi","Female","VO","4","3114.73",1,-1,1,0,"Correct"
"D,5,EM","D","5","EM","95","mik_Gg_4dB.avi","Male","AV_C","4","-2535.01",0,0,0,-1,"Incorrect"
"D,5,EM","D","5","EM","86","mik_Bb_4dB.avi","Male","AV_C","2","2475.21",1,1,1,-1,"Correct"
"D,5,EM","D","5","EM","85","mik_Ba_4dB.avi","Male","AO","2","2410.83",1,1,-1,-1,"Correct"
"D,5,EM","D","5","EM","79","lor_Dd_4dB.avi","Female","AV_C","7","-2628.78",0,0,0,-1,"Incorrect"
"D,5,EM","D","5","EM","87","mik_Bg_4dB.avi","Male","AV_M","7","-2600.70",0,-2,-2,-2,"Ella to fill"
"D,5,EM","D","5","EM","84","lor_Gv_4dB.avi","Female","VO","7","3018.62",1,-1,1,0,"Correct"
"D,5,EM","D","5","EM","89","mik_Da_4dB.avi","Male","AO","4","2908.21",1,1,-1,-1,"Correct"
"D,5,EM","D","5","EM","73","lor_Ba_4dB.avi","Female","AO","2","2529.84",1,1,-1,-1,"Correct"
"D,5,EM","D","5","EM","92","mik_Dv_4dB.avi","Male","VO","4","3630.10",1,-1,1,0,"Correct"
"D,5,EM","D","5","EM","88","mik_Bv_4dB.avi","Male","VO","2","2213.59",1,-1,1,0,"Correct"
"D,5,EM","D","5","EM","77","lor_Da_4dB.avi","Female","AO","7","-3059.59",0,0,-1,-1,"Incorrect"
"D,5,EM","D","5","EM","81","lor_Ga_4dB.avi","Female","AO","7","2517.55",1,1,-1,-1,"Correct"
"D,5,EM","D","5","EM","76","lor_Bv_4dB.avi","Female","VO","2","2395.52",1,-1,1,0,"Correct"
"D,5,EM","D","5","EM","83","lor_Gg_4dB.avi","Female","AV_C","7","2277.47",1,1,1,-1,"Correct"
"D,5,EM","D","5","EM","82","lor_Gb_4dB.avi","Female","AV_M","7","-2740.11",0,-2,-2,-2,"Ella to fill"
"D,5,EM","D","5","EM","94","mik_Gb_4dB.avi","Male","AV_M","7","-2394.74",0,-2,-2,-2,"Ella to fill"
"D,5,EM","D","5","EM","75","lor_Bg_4dB.avi","Female","AV_M","7","-2660.04",0,-2,-2,-2,"Ella to fill"
"D,6,PH","D","6","PH","7","lor_Dd.avi","Female","AV_C","4","3338.60",1,1,1,-1,"Correct"
"D,6,PH","D","6","PH","22","mik_Gb.avi","Male","AV_M","7","-2751.15",0,-2,-2,-2,"Ella to fill"
"D,6,PH","D","6","PH","9","lor_Ga.avi","Female","AO","7","2079.79",1,1,-1,-1,"Correct"
"D,6,PH","D","6","PH","2","lor_Bb.avi","Female","AV_C","2","2457.79",1,1,1,-1,"Correct"
"D,6,PH","D","6","PH","5","lor_Da.avi","Female","AO","4","2533.38",1,1,-1,-1,"Correct"
"D,6,PH","D","6","PH","13","mik_Ba.avi","Male","AO","2","3271.01",1,1,-1,-1,"Correct"
"D,6,PH","D","6","PH","18","mik_Db.avi","Male","AV_M","4","-3507.27",0,-2,-2,-2,"Ella to fill"
"D,6,PH","D","6","PH","20","mik_Dv.avi","Male","VO","2","-3456.81",0,-1,0,1,"Incorrect"
"D,6,PH","D","6","PH","11","lor_Gg.avi","Female","AV_C","7","1918.71",1,1,1,-1,"Correct"
"D,6,PH","D","6","PH","17","mik_Da.avi","Male","AO","4","3298.61",1,1,-1,-1,"Correct"
"D,6,PH","D","6","PH","15","mik_Bg.avi","Male","AV_M","2","-2996.21",0,-2,-2,-2,"Ella to fill"
"D,6,PH","D","6","PH","19","mik_Dd.avi","Male","AV_C","4","2704.79",1,1,1,-1,"Correct"
"D,6,PH","D","6","PH","21","mik_Ga.avi","Male","AO","7","2252.67",1,1,-1,-1,"Correct"
"D,6,PH","D","6","PH","12","lor_Gv.avi","Female","VO","7","3052.22",1,-1,1,0,"Correct"
"D,6,PH","D","6","PH","1","lor_Ba.avi","Female","AO","2","2181.17",1,1,-1,-1,"Correct"
"D,6,PH","D","6","PH","3","lor_Bg.avi","Female","AV_M","2","-2940.47",0,-2,-2,-2,"Ella to fill"
"D,6,PH","D","6","PH","23","mik_Gg.avi","Male","AV_C","7","2055.43",1,1,1,-1,"Correct"
"D,6,PH","D","6","PH","10","lor_Gb.avi","Female","AV_M","7","-2278.35",0,-2,-2,-2,"Ella to fill"
"D,6,PH","D","6","PH","24","mik_Gv.avi","Male","VO","4","-2850.23",0,-1,0,1,"Incorrect"
"D,6,PH","D","6","PH","4","lor_Bv.avi","Female","VO","2","2084.83",1,-1,1,0,"Correct"
"D,6,PH","D","6","PH","16","mik_Bv.avi","Male","VO","2","2027.29",1,-1,1,0,"Correct"
"D,6,PH","D","6","PH","14","mik_Bb.avi","Male","AV_C","2","2795.71",1,1,1,-1,"Correct"
"D,6,PH","D","6","PH","8","lor_Dv.avi","Female","VO","4","4408.69",1,-1,1,0,"Correct"
"D,6,PH","D","6","PH","6","lor_Db.avi","Female","AV_M","4","-2776.13",0,-2,-2,-2,"Ella to fill"
"D,6,PH","D","6","PH","42","mik_Db.avi","Male","AV_M","4","-2769.90",0,-2,-2,-2,"Ella to fill"
"D,6,PH","D","6","PH","39","mik_Bg.avi","Male","AV_M","2","-2125.51",0,-2,-2,-2,"Ella to fill"
"D,6,PH","D","6","PH","26","lor_Bb.avi","Female","AV_C","2","2633.05",1,1,1,-1,"Correct"
"D,6,PH","D","6","PH","40","mik_Bv.avi","Male","VO","2","2244.02",1,-1,1,0,"Correct"
"D,6,PH","D","6","PH","32","lor_Dv.avi","Female","VO","4","2015.28",1,-1,1,0,"Correct"
"D,6,PH","D","6","PH","37","mik_Ba.avi","Male","AO","2","2802.25",1,1,-1,-1,"Correct"
"D,6,PH","D","6","PH","45","mik_Ga.avi","Male","AO","7","1928.22",1,1,-1,-1,"Correct"
"D,6,PH","D","6","PH","47","mik_Gg.avi","Male","AV_C","7","2463.45",1,1,1,-1,"Correct"
"D,6,PH","D","6","PH","38","mik_Bb.avi","Male","AV_C","2","2646.00",1,1,1,-1,"Correct"
"D,6,PH","D","6","PH","46","mik_Gb.avi","Male","AV_M","7","-1949.54",0,-2,-2,-2,"Ella to fill"
"D,6,PH","D","6","PH","31","lor_Dd.avi","Female","AV_C","4","2564.14",1,1,1,-1,"Correct"
"D,6,PH","D","6","PH","25","lor_Ba.avi","Female","AO","2","3093.10",1,1,-1,-1,"Correct"
"D,6,PH","D","6","PH","27","lor_Bg.avi","Female","AV_M","2","-2476.42",0,-2,-2,-2,"Ella to fill"
"D,6,PH","D","6","PH","35","lor_Gg.avi","Female","AV_C","7","2380.35",1,1,1,-1,"Correct"
"D,6,PH","D","6","PH","34","lor_Gb.avi","Female","AV_M","7","-1935.33",0,-2,-2,-2,"Ella to fill"
"D,6,PH","D","6","PH","43","mik_Dd.avi","Male","AV_C","4","3023.94",1,1,1,-1,"Correct"
"D,6,PH","D","6","PH","33","lor_Ga.avi","Female","AO","7","2218.89",1,1,-1,-1,"Correct"
"D,6,PH","D","6","PH","48","mik_Gv.avi","Male","VO","7","2963.82",1,-1,1,0,"Correct"
"D,6,PH","D","6","PH","41","mik_Da.avi","Male","AO","4","2561.73",1,1,-1,-1,"Correct"
"D,6,PH","D","6","PH","28","lor_Bv.avi","Female","VO","2","2092.69",1,-1,1,0,"Correct"
"D,6,PH","D","6","PH","36","lor_Gv.avi","Female","VO","7","2308.31",1,-1,1,0,"Correct"
"D,6,PH","D","6","PH","29","lor_Da.avi","Female","AO","4","2580.89",1,1,-1,-1,"Correct"
"D,6,PH","D","6","PH","44","mik_Dv.avi","Male","VO","4","4216.49",1,-1,1,0,"Correct"
"D,6,PH","D","6","PH","30","lor_Db.avi","Female","AV_M","4","-2547.42",0,-2,-2,-2,"Ella to fill"
"D,6,PH","D","6","PH","72","mik_Gv_4dB.avi","Male","VO","2","-3190.82",0,-1,0,1,"Incorrect"
"D,6,PH","D","6","PH","49","lor_Ba_4dB.avi","Female","AO","2","3523.71",1,1,-1,-1,"Correct"
"D,6,PH","D","6","PH","52","lor_Bv_4dB.avi","Female","VO","2","1923.63",1,-1,1,0,"Correct"
"D,6,PH","D","6","PH","55","lor_Dd_4dB.avi","Female","AV_C","4","2608.34",1,1,1,-1,"Correct"
"D,6,PH","D","6","PH","62","mik_Bb_4dB.avi","Male","AV_C","2","1915.84",1,1,1,-1,"Correct"
"D,6,PH","D","6","PH","58","lor_Gb_4dB.avi","Female","AV_M","7","-2119.83",0,-2,-2,-2,"Ella to fill"
"D,6,PH","D","6","PH","64","mik_Bv_4dB.avi","Male","VO","2","3797.43",1,-1,1,0,"Correct"
"D,6,PH","D","6","PH","66","mik_Db_4dB.avi","Male","AV_M","4","-2499.17",0,-2,-2,-2,"Ella to fill"
"D,6,PH","D","6","PH","65","mik_Da_4dB.avi","Male","AO","4","2801.13",1,1,-1,-1,"Correct"
"D,6,PH","D","6","PH","69","mik_Ga_4dB.avi","Male","AO","7","2713.06",1,1,-1,-1,"Correct"
"D,6,PH","D","6","PH","59","lor_Gg_4dB.avi","Female","AV_C","7","2338.39",1,1,1,-1,"Correct"
"D,6,PH","D","6","PH","67","mik_Dd_4dB.avi","Male","AV_C","4","2957.67",1,1,1,-1,"Correct"
"D,6,PH","D","6","PH","61","mik_Ba_4dB.avi","Male","AO","2","1820.96",1,1,-1,-1,"Correct"
"D,6,PH","D","6","PH","56","lor_Dv_4dB.avi","Female","VO","4","2936.22",1,-1,1,0,"Correct"
"D,6,PH","D","6","PH","70","mik_Gb_4dB.avi","Male","AV_M","7","-2060.51",0,-2,-2,-2,"Ella to fill"
"D,6,PH","D","6","PH","57","lor_Ga_4dB.avi","Female","AO","7","2268.18",1,1,-1,-1,"Correct"
"D,6,PH","D","6","PH","51","lor_Bg_4dB.avi","Female","AV_M","4","3096.78",1,-2,-2,-2,"Ella to fill"
"D,6,PH","D","6","PH","54","lor_Db_4dB.avi","Female","AV_M","7","-2651.77",0,-2,-2,-2,"Ella to fill"
"D,6,PH","D","6","PH","53","lor_Da_4dB.avi","Female","AO","7","-2342.08",0,0,-1,-1,"Incorrect"
"D,6,PH","D","6","PH","68","mik_Dv_4dB.avi","Male","VO","4","3635.03",1,-1,1,0,"Correct"
"D,6,PH","D","6","PH","63","mik_Bg_4dB.avi","Male","AV_M","4","4711.48",1,-2,-2,-2,"Ella to fill"
"D,6,PH","D","6","PH","50","lor_Bb_4dB.avi","Female","AV_C","2","2155.02",1,1,1,-1,"Correct"
"D,6,PH","D","6","PH","60","lor_Gv_4dB.avi","Female","VO","7","2919.29",1,-1,1,0,"Correct"
"D,6,PH","D","6","PH","71","mik_Gg_4dB.avi","Male","AV_C","7","2767.88",1,1,1,-1,"Correct"
"D,6,PH","D","6","PH","76","lor_Bv_4dB.avi","Female","VO","2","1931.21",1,-1,1,0,"Correct"
"D,6,PH","D","6","PH","74","lor_Bb_4dB.avi","Female","AV_C","2","2039.15",1,1,1,-1,"Correct"
"D,6,PH","D","6","PH","73","lor_Ba_4dB.avi","Female","AO","2","2224.87",1,1,-1,-1,"Correct"
"D,6,PH","D","6","PH","95","mik_Gg_4dB.avi","Male","AV_C","7","1937.16",1,1,1,-1,"Correct"
"D,6,PH","D","6","PH","91","mik_Dd_4dB.avi","Male","AV_C","4","2067.70",1,1,1,-1,"Correct"
"D,6,PH","D","6","PH","85","mik_Ba_4dB.avi","Male","AO","2","4168.92",1,1,-1,-1,"Correct"
"D,6,PH","D","6","PH","77","lor_Da_4dB.avi","Female","AO","7","-2350.59",0,0,-1,-1,"Incorrect"
"D,6,PH","D","6","PH","78","lor_Db_4dB.avi","Female","AV_M","7","-2345.25",0,-2,-2,-2,"Ella to fill"
"D,6,PH","D","6","PH","75","lor_Bg_4dB.avi","Female","AV_M","7","-2099.85",0,-2,-2,-2,"Ella to fill"
"D,6,PH","D","6","PH","83","lor_Gg_4dB.avi","Female","AV_C","7","2579.41",1,1,1,-1,"Correct"
"D,6,PH","D","6","PH","90","mik_Db_4dB.avi","Male","AV_M","4","-3050.04",0,-2,-2,-2,"Ella to fill"
"D,6,PH","D","6","PH","89","mik_Da_4dB.avi","Male","AO","4","2150.01",1,1,-1,-1,"Correct"
"D,6,PH","D","6","PH","93","mik_Ga_4dB.avi","Male","AO","4","-3996.61",0,0,-1,-1,"Incorrect"
"D,6,PH","D","6","PH","94","mik_Gb_4dB.avi","Male","AV_M","7","-2342.99",0,-2,-2,-2,"Ella to fill"
"D,6,PH","D","6","PH","86","mik_Bb_4dB.avi","Male","AV_C","2","2457.96",1,1,1,-1,"Correct"
"D,6,PH","D","6","PH","79","lor_Dd_4dB.avi","Female","AV_C","7","-2698.23",0,0,0,-1,"Incorrect"
"D,6,PH","D","6","PH","81","lor_Ga_4dB.avi","Female","AO","7","2623.55",1,1,-1,-1,"Correct"
"D,6,PH","D","6","PH","88","mik_Bv_4dB.avi","Male","VO","2","2912.42",1,-1,1,0,"Correct"
"D,6,PH","D","6","PH","82","lor_Gb_4dB.avi","Female","AV_M","7","-2082.68",0,-2,-2,-2,"Ella to fill"
"D,6,PH","D","6","PH","80","lor_Dv_4dB.avi","Female","VO","4","2626.37",1,-1,1,0,"Correct"
"D,6,PH","D","6","PH","87","mik_Bg_4dB.avi","Male","AV_M","7","-3285.00",0,-2,-2,-2,"Ella to fill"
"D,6,PH","D","6","PH","96","mik_Gv_4dB.avi","Male","VO","4","-4031.86",0,-1,0,1,"Incorrect"
"D,6,PH","D","6","PH","92","mik_Dv_4dB.avi","Male","VO","2","-2454.61",0,-1,0,1,"Incorrect"
"D,6,PH","D","6","PH","84","lor_Gv_4dB.avi","Female","VO","7","2503.88",1,-1,1,0,"Correct"
"D,13,MR","D","13","MR","13","mik_Ba.avi","Male","AO","2","1891.71",1,1,-1,-1,"Correct"
"D,13,MR","D","13","MR","20","mik_Dv.avi","Male","VO","4","2162.93",1,-1,1,0,"Correct"
"D,13,MR","D","13","MR","19","mik_Dd.avi","Male","AV_C","4","2209.22",1,1,1,-1,"Correct"
"D,13,MR","D","13","MR","8","lor_Dv.avi","Female","VO","4","2690.15",1,-1,1,0,"Correct"
"D,13,MR","D","13","MR","6","lor_Db.avi","Female","AV_M","4","-2461.77",0,-2,-2,-2,"Ella to fill"
"D,13,MR","D","13","MR","1","lor_Ba.avi","Female","AO","2","1828.09",1,1,-1,-1,"Correct"
"D,13,MR","D","13","MR","4","lor_Bv.avi","Female","VO","2","1998.09",1,-1,1,0,"Correct"
"D,13,MR","D","13","MR","11","lor_Gg.avi","Female","AV_C","7","2286.33",1,1,1,-1,"Correct"
"D,13,MR","D","13","MR","12","lor_Gv.avi","Female","VO","4","-3350.91",0,-1,0,1,"Incorrect"
"D,13,MR","D","13","MR","3","lor_Bg.avi","Female","AV_M","2","-1855.48",0,-2,-2,-2,"Ella to fill"
"D,13,MR","D","13","MR","15","mik_Bg.avi","Male","AV_M","2","-1788.44",0,-2,-2,-2,"Ella to fill"
"D,13,MR","D","13","MR","17","mik_Da.avi","Male","AO","4","2114.31",1,1,-1,-1,"Correct"
"D,13,MR","D","13","MR","9","lor_Ga.avi","Female","AO","7","2797.85",1,1,-1,-1,"Correct"
"D,13,MR","D","13","MR","24","mik_Gv.avi","Male","VO","4","-2270.81",0,-1,0,1,"Incorrect"
"D,13,MR","D","13","MR","23","mik_Gg.avi","Male","AV_C","7","2195.68",1,1,1,-1,"Correct"
"D,13,MR","D","13","MR","18","mik_Db.avi","Male","AV_M","4","-2394.27",0,-2,-2,-2,"Ella to fill"
"D,13,MR","D","13","MR","14","mik_Bb.avi","Male","AV_C","2","2061.89",1,1,1,-1,"Correct"
"D,13,MR","D","13","MR","10","lor_Gb.avi","Female","AV_M","7","-2267.12",0,-2,-2,-2,"Ella to fill"
"D,13,MR","D","13","MR","5","lor_Da.avi","Female","AO","4","2456.72",1,1,-1,-1,"Correct"
"D,13,MR","D","13","MR","22","mik_Gb.avi","Male","AV_M","7","-2168.38",0,-2,-2,-2,"Ella to fill"
"D,13,MR","D","13","MR","16","mik_Bv.avi","Male","VO","2","2196.32",1,-1,1,0,"Correct"
"D,13,MR","D","13","MR","7","lor_Dd.avi","Female","AV_C","4","2221.59",1,1,1,-1,"Correct"
"D,13,MR","D","13","MR","21","mik_Ga.avi","Male","AO","7","2507.88",1,1,-1,-1,"Correct"
"D,13,MR","D","13","MR","2","lor_Bb.avi","Female","AV_C","2","1876.15",1,1,1,-1,"Correct"
"D,13,MR","D","13","MR","42","mik_Db.avi","Male","AV_M","4","-2259.10",0,-2,-2,-2,"Ella to fill"
"D,13,MR","D","13","MR","48","mik_Gv.avi","Male","VO","7","3051.69",1,-1,1,0,"Correct"
"D,13,MR","D","13","MR","29","lor_Da.avi","Female","AO","4","2556.92",1,1,-1,-1,"Correct"
"D,13,MR","D","13","MR","45","mik_Ga.avi","Male","AO","7","3079.55",1,1,-1,-1,"Correct"
"D,13,MR","D","13","MR","44","mik_Dv.avi","Male","VO","2","-2895.47",0,-1,0,1,"Incorrect"
"D,13,MR","D","13","MR","31","lor_Dd.avi","Female","AV_C","4","2221.07",1,1,1,-1,"Correct"
"D,13,MR","D","13","MR","39","mik_Bg.avi","Male","AV_M","2","-1966.69",0,-2,-2,-2,"Ella to fill"
"D,13,MR","D","13","MR","41","mik_Da.avi","Male","AO","4","2136.61",1,1,-1,-1,"Correct"
"D,13,MR","D","13","MR","26","lor_Bb.avi","Female","AV_C","2","1912.54",1,1,1,-1,"Correct"
"D,13,MR","D","13","MR","46","mik_Gb.avi","Male","AV_M","7","-2370.16",0,-2,-2,-2,"Ella to fill"
"D,13,MR","D","13","MR","30","lor_Db.avi","Female","AV_M","4","-2452.33",0,-2,-2,-2,"Ella to fill"
"D,13,MR","D","13","MR","35","lor_Gg.avi","Female","AV_C","7","2376.69",1,1,1,-1,"Correct"
"D,13,MR","D","13","MR","47","mik_Gg.avi","Male","AV_C","7","2504.65",1,1,1,-1,"Correct"
"D,13,MR","D","13","MR","27","lor_Bg.avi","Female","AV_M","2","-1989.89",0,-2,-2,-2,"Ella to fill"
"D,13,MR","D","13","MR","36","lor_Gv.avi","Female","VO","7","3096.81",1,-1,1,0,"Correct"
"D,13,MR","D","13","MR","34","lor_Gb.avi","Female","AV_M","7","-2100.44",0,-2,-2,-2,"Ella to fill"
"D,13,MR","D","13","MR","25","lor_Ba.avi","Female","AO","2","1836.10",1,1,-1,-1,"Correct"
"D,13,MR","D","13","MR","33","lor_Ga.avi","Female","AO","7","2214.26",1,1,-1,-1,"Correct"
"D,13,MR","D","13","MR","43","mik_Dd.avi","Male","AV_C","4","2517.92",1,1,1,-1,"Correct"
"D,13,MR","D","13","MR","37","mik_Ba.avi","Male","AO","2","1609.90",1,1,-1,-1,"Correct"
"D,13,MR","D","13","MR","40","mik_Bv.avi","Male","VO","2","1743.81",1,-1,1,0,"Correct"
"D,13,MR","D","13","MR","38","mik_Bb.avi","Male","AV_C","2","2173.42",1,1,1,-1,"Correct"
"D,13,MR","D","13","MR","32","lor_Dv.avi","Female","VO","4","2377.20",1,-1,1,0,"Correct"
"D,13,MR","D","13","MR","28","lor_Bv.avi","Female","VO","2","1816.26",1,-1,1,0,"Correct"
"D,13,MR","D","13","MR","86","mik_Bb_4dB.avi","Male","AV_C","2","1874.10",1,1,1,-1,"Correct"
"D,13,MR","D","13","MR","78","lor_Db_4dB.avi","Female","AV_M","4","-2273.08",0,-2,-2,-2,"Ella to fill"
"D,13,MR","D","13","MR","74","lor_Bb_4dB.avi","Female","AV_C","2","1883.47",1,1,1,-1,"Correct"
"D,13,MR","D","13","MR","75","lor_Bg_4dB.avi","Female","AV_M","2","-2152.68",0,-2,-2,-2,"Ella to fill"
"D,13,MR","D","13","MR","85","mik_Ba_4dB.avi","Male","AO","2","2046.94",1,1,-1,-1,"Correct"
"D,13,MR","D","13","MR","87","mik_Bg_4dB.avi","Male","AV_M","2","-1844.92",0,-2,-2,-2,"Ella to fill"
"D,13,MR","D","13","MR","84","lor_Gv_4dB.avi","Female","VO","2","-2497.46",0,-1,0,1,"Incorrect"
"D,13,MR","D","13","MR","79","lor_Dd_4dB.avi","Female","AV_C","4","2346.76",1,1,1,-1,"Correct"
"D,13,MR","D","13","MR","91","mik_Dd_4dB.avi","Male","AV_C","4","2355.06",1,1,1,-1,"Correct"
"D,13,MR","D","13","MR","95","mik_Gg_4dB.avi","Male","AV_C","4","-2601.67",0,0,0,-1,"Incorrect"
"D,13,MR","D","13","MR","77","lor_Da_4dB.avi","Female","AO","4","2338.22",1,1,-1,-1,"Correct"
"D,13,MR","D","13","MR","96","mik_Gv_4dB.avi","Male","VO","4","-2485.87",0,-1,0,1,"Incorrect"
"D,13,MR","D","13","MR","88","mik_Bv_4dB.avi","Male","VO","2","1955.56",1,-1,1,0,"Correct"
"D,13,MR","D","13","MR","93","mik_Ga_4dB.avi","Male","AO","4","-2513.98",0,0,-1,-1,"Incorrect"
"D,13,MR","D","13","MR","92","mik_Dv_4dB.avi","Male","VO","4","2238.36",1,-1,1,0,"Correct"
"D,13,MR","D","13","MR","94","mik_Gb_4dB.avi","Male","AV_M","4","2220.95",1,-2,-2,-2,"Ella to fill"
"D,13,MR","D","13","MR","83","lor_Gg_4dB.avi","Female","AV_C","7","2045.26",1,1,1,-1,"Correct"
"D,13,MR","D","13","MR","89","mik_Da_4dB.avi","Male","AO","4","2675.23",1,1,-1,-1,"Correct"
"D,13,MR","D","13","MR","80","lor_Dv_4dB.avi","Female","VO","7","-2099.81",0,-1,0,1,"Incorrect"
"D,13,MR","D","13","MR","73","lor_Ba_4dB.avi","Female","AO","2","2574.80",1,1,-1,-1,"Correct"
"D,13,MR","D","13","MR","76","lor_Bv_4dB.avi","Female","VO","2","2321.10",1,-1,1,0,"Correct"
"D,13,MR","D","13","MR","81","lor_Ga_4dB.avi","Female","AO","7","2674.04",1,1,-1,-1,"Correct"
"D,13,MR","D","13","MR","82","lor_Gb_4dB.avi","Female","AV_M","7","-2276.00",0,-2,-2,-2,"Ella to fill"
"D,13,MR","D","13","MR","90","mik_Db_4dB.avi","Male","AV_M","4","-2115.64",0,-2,-2,-2,"Ella to fill"
"D,13,MR","D","13","MR","57","lor_Ga_4dB.avi","Female","AO","7","2581.29",1,1,-1,-1,"Correct"
"D,13,MR","D","13","MR","69","mik_Ga_4dB.avi","Male","AO","7","2396.93",1,1,-1,-1,"Correct"
"D,13,MR","D","13","MR","63","mik_Bg_4dB.avi","Male","AV_M","2","-2214.21",0,-2,-2,-2,"Ella to fill"
"D,13,MR","D","13","MR","68","mik_Dv_4dB.avi","Male","VO","7","-2631.75",0,-1,0,1,"Incorrect"
"D,13,MR","D","13","MR","58","lor_Gb_4dB.avi","Female","AV_M","7","-2367.43",0,-2,-2,-2,"Ella to fill"
"D,13,MR","D","13","MR","50","lor_Bb_4dB.avi","Female","AV_C","2","2126.74",1,1,1,-1,"Correct"
"D,13,MR","D","13","MR","66","mik_Db_4dB.avi","Male","AV_M","4","-2365.02",0,-2,-2,-2,"Ella to fill"
"D,13,MR","D","13","MR","54","lor_Db_4dB.avi","Female","AV_M","4","-2538.00",0,-2,-2,-2,"Ella to fill"
"D,13,MR","D","13","MR","65","mik_Da_4dB.avi","Male","AO","4","2576.63",1,1,-1,-1,"Correct"
"D,13,MR","D","13","MR","61","mik_Ba_4dB.avi","Male","AO","2","2406.57",1,1,-1,-1,"Correct"
"D,13,MR","D","13","MR","60","lor_Gv_4dB.avi","Female","VO","2","-4125.51",0,-1,0,1,"Incorrect"
"D,13,MR","D","13","MR","49","lor_Ba_4dB.avi","Female","AO","2","2048.86",1,1,-1,-1,"Correct"
"D,13,MR","D","13","MR","62","mik_Bb_4dB.avi","Male","AV_C","2","1921.16",1,1,1,-1,"Correct"
"D,13,MR","D","13","MR","70","mik_Gb_4dB.avi","Male","AV_M","4","2311.80",1,-2,-2,-2,"Ella to fill"
"D,13,MR","D","13","MR","64","mik_Bv_4dB.avi","Male","VO","2","1969.72",1,-1,1,0,"Correct"
"D,13,MR","D","13","MR","51","lor_Bg_4dB.avi","Female","AV_M","2","-2032.69",0,-2,-2,-2,"Ella to fill"
"D,13,MR","D","13","MR","72","mik_Gv_4dB.avi","Male","VO","7","3518.65",1,-1,1,0,"Correct"
"D,13,MR","D","13","MR","59","lor_Gg_4dB.avi","Female","AV_C","7","2247.54",1,1,1,-1,"Correct"
"D,13,MR","D","13","MR","67","mik_Dd_4dB.avi","Male","AV_C","4","2137.50",1,1,1,-1,"Correct"
"D,13,MR","D","13","MR","56","lor_Dv_4dB.avi","Female","VO","7","-2554.08",0,-1,0,1,"Incorrect"
"D,13,MR","D","13","MR","52","lor_Bv_4dB.avi","Female","VO","2","2417.74",1,-1,1,0,"Correct"
"D,13,MR","D","13","MR","55","lor_Dd_4dB.avi","Female","AV_C","4","2233.35",1,1,1,-1,"Correct"
"D,13,MR","D","13","MR","71","mik_Gg_4dB.avi","Male","AV_C","4","-2233.98",0,0,0,-1,"Incorrect"
"D,13,MR","D","13","MR","53","lor_Da_4dB.avi","Female","AO","4","2190.13",1,1,-1,-1,"Correct"
"C,3,TC","C","3","TC","34","lor_Gb.avi","Female","AV_M","7","-2314.44",0,-2,-2,-2,"Ella to fill"
"C,3,TC","C","3","TC","28","lor_Bv.avi","Female","VO","2","2354.75",1,-1,1,0,"Correct"
"C,3,TC","C","3","TC","32","lor_Dv.avi","Female","VO","4","2705.04",1,-1,1,0,"Correct"
"C,3,TC","C","3","TC","48","mik_Gv.avi","Male","VO","7","2566.65",1,-1,1,0,"Correct"
"C,3,TC","C","3","TC","31","lor_Dd.avi","Female","AV_C","4","2707.58",1,1,1,-1,"Correct"
"C,3,TC","C","3","TC","36","lor_Gv.avi","Female","VO","4","-4350.73",0,-1,0,1,"Incorrect"
"C,3,TC","C","3","TC","27","lor_Bg.avi","Female","AV_M","2","-2590.78",0,-2,-2,-2,"Ella to fill"
"C,3,TC","C","3","TC","37","mik_Ba.avi","Male","AO","2","2488.73",1,1,-1,-1,"Correct"
"C,3,TC","C","3","TC","30","lor_Db.avi","Female","AV_M","4","-2620.96",0,-2,-2,-2,"Ella to fill"
"C,3,TC","C","3","TC","40","mik_Bv.avi","Male","VO","2","2418.63",1,-1,1,0,"Correct"
"C,3,TC","C","3","TC","29","lor_Da.avi","Female","AO","4","2833.53",1,1,-1,-1,"Correct"
"C,3,TC","C","3","TC","39","mik_Bg.avi","Male","AV_M","2","-3318.47",0,-2,-2,-2,"Ella to fill"
"C,3,TC","C","3","TC","47","mik_Gg.avi","Male","AV_C","7","2318.74",1,1,1,-1,"Correct"
"C,3,TC","C","3","TC","35","lor_Gg.avi","Female","AV_C","7","2244.63",1,1,1,-1,"Correct"
"C,3,TC","C","3","TC","41","mik_Da.avi","Male","AO","4","3037.23",1,1,-1,-1,"Correct"
"C,3,TC","C","3","TC","38","mik_Bb.avi","Male","AV_C","2","2774.16",1,1,1,-1,"Correct"
"C,3,TC","C","3","TC","46","mik_Gb.avi","Male","AV_M","7","-2359.42",0,-2,-2,-2,"Ella to fill"
"C,3,TC","C","3","TC","45","mik_Ga.avi","Male","AO","7","2385.41",1,1,-1,-1,"Correct"
"C,3,TC","C","3","TC","44","mik_Dv.avi","Male","VO","4","3387.98",1,-1,1,0,"Correct"
"C,3,TC","C","3","TC","42","mik_Db.avi","Male","AV_M","4","-2832.86",0,-2,-2,-2,"Ella to fill"
"C,3,TC","C","3","TC","26","lor_Bb.avi","Female","AV_C","2","2031.79",1,1,1,-1,"Correct"
"C,3,TC","C","3","TC","43","mik_Dd.avi","Male","AV_C","4","2329.47",1,1,1,-1,"Correct"
"C,3,TC","C","3","TC","33","lor_Ga.avi","Female","AO","7","2492.04",1,1,-1,-1,"Correct"
"C,3,TC","C","3","TC","25","lor_Ba.avi","Female","AO","2","2494.00",1,1,-1,-1,"Correct"
"C,3,TC","C","3","TC","3","lor_Bg.avi","Female","AV_M","2","-2263.06",0,-2,-2,-2,"Ella to fill"
"C,3,TC","C","3","TC","22","mik_Gb.avi","Male","AV_M","7","-2489.38",0,-2,-2,-2,"Ella to fill"
"C,3,TC","C","3","TC","9","lor_Ga.avi","Female","AO","7","2515.97",1,1,-1,-1,"Correct"
"C,3,TC","C","3","TC","11","lor_Gg.avi","Female","AV_C","7","1916.93",1,1,1,-1,"Correct"
"C,3,TC","C","3","TC","5","lor_Da.avi","Female","AO","4","2912.55",1,1,-1,-1,"Correct"
"C,3,TC","C","3","TC","24","mik_Gv.avi","Male","VO","4","-2384.52",0,-1,0,1,"Incorrect"
"C,3,TC","C","3","TC","23","mik_Gg.avi","Male","AV_C","7","2482.06",1,1,1,-1,"Correct"
"C,3,TC","C","3","TC","12","lor_Gv.avi","Female","VO","2","-3688.93",0,-1,0,1,"Incorrect"
"C,3,TC","C","3","TC","17","mik_Da.avi","Male","AO","4","2669.10",1,1,-1,-1,"Correct"
"C,3,TC","C","3","TC","15","mik_Bg.avi","Male","AV_M","2","-3823.66",0,-2,-2,-2,"Ella to fill"
"C,3,TC","C","3","TC","20","mik_Dv.avi","Male","VO","4","2340.15",1,-1,1,0,"Correct"
"C,3,TC","C","3","TC","10","lor_Gb.avi","Female","AV_M","7","-2406.08",0,-2,-2,-2,"Ella to fill"
"C,3,TC","C","3","TC","7","lor_Dd.avi","Female","AV_C","4","2238.06",1,1,1,-1,"Correct"
"C,3,TC","C","3","TC","2","lor_Bb.avi","Female","AV_C","2","1782.29",1,1,1,-1,"Correct"
"C,3,TC","C","3","TC","21","mik_Ga.avi","Male","AO","7","2230.25",1,1,-1,-1,"Correct"
"C,3,TC","C","3","TC","16","mik_Bv.avi","Male","VO","2","2645.90",1,-1,1,0,"Correct"
"C,3,TC","C","3","TC","14","mik_Bb.avi","Male","AV_C","2","2088.49",1,1,1,-1,"Correct"
"C,3,TC","C","3","TC","6","lor_Db.avi","Female","AV_M","4","-2547.40",0,-2,-2,-2,"Ella to fill"
"C,3,TC","C","3","TC","1","lor_Ba.avi","Female","AO","2","3034.36",1,1,-1,-1,"Correct"
"C,3,TC","C","3","TC","19","mik_Dd.avi","Male","AV_C","4","2595.34",1,1,1,-1,"Correct"
"C,3,TC","C","3","TC","18","mik_Db.avi","Male","AV_M","4","-2482.59",0,-2,-2,-2,"Ella to fill"
"C,3,TC","C","3","TC","4","lor_Bv.avi","Female","VO","2","2611.21",1,-1,1,0,"Correct"
"C,3,TC","C","3","TC","13","mik_Ba.avi","Male","AO","2","2793.14",1,1,-1,-1,"Correct"
"C,3,TC","C","3","TC","8","lor_Dv.avi","Female","VO","4","3022.74",1,-1,1,0,"Correct"
"C,3,TC","C","3","TC","59","lor_Gg_4dB.avi","Female","AV_C","7","2495.61",1,1,1,-1,"Correct"
"C,3,TC","C","3","TC","70","mik_Gb_4dB.avi","Male","AV_M","7","-2562.26",0,-2,-2,-2,"Ella to fill"
"C,3,TC","C","3","TC","61","mik_Ba_4dB.avi","Male","AO","2","2927.88",1,1,-1,-1,"Correct"
"C,3,TC","C","3","TC","65","mik_Da_4dB.avi","Male","AO","4","3087.80",1,1,-1,-1,"Correct"
"C,3,TC","C","3","TC","69","mik_Ga_4dB.avi","Male","AO","4","-3068.11",0,0,-1,-1,"Incorrect"
"C,3,TC","C","3","TC","57","lor_Ga_4dB.avi","Female","AO","7","2556.70",1,1,-1,-1,"Correct"
"C,3,TC","C","3","TC","58","lor_Gb_4dB.avi","Female","AV_M","7","-2329.04",0,-2,-2,-2,"Ella to fill"
"C,3,TC","C","3","TC","53","lor_Da_4dB.avi","Female","AO","7","-2402.33",0,0,-1,-1,"Incorrect"
"C,3,TC","C","3","TC","50","lor_Bb_4dB.avi","Female","AV_C","2","2941.32",1,1,1,-1,"Correct"
"C,3,TC","C","3","TC","62","mik_Bb_4dB.avi","Male","AV_C","2","3235.28",1,1,1,-1,"Correct"
"C,3,TC","C","3","TC","64","mik_Bv_4dB.avi","Male","VO","2","2202.56",1,-1,1,0,"Correct"
"C,3,TC","C","3","TC","72","mik_Gv_4dB.avi","Male","VO","7","2014.51",1,-1,1,0,"Correct"
"C,3,TC","C","3","TC","54","lor_Db_4dB.avi","Female","AV_M","7","-2585.02",0,-2,-2,-2,"Ella to fill"
"C,3,TC","C","3","TC","51","lor_Bg_4dB.avi","Female","AV_M","7","-2455.78",0,-2,-2,-2,"Ella to fill"
"C,3,TC","C","3","TC","67","mik_Dd_4dB.avi","Male","AV_C","4","3018.12",1,1,1,-1,"Correct"
"C,3,TC","C","3","TC","55","lor_Dd_4dB.avi","Female","AV_C","4","2796.61",1,1,1,-1,"Correct"
"C,3,TC","C","3","TC","60","lor_Gv_4dB.avi","Female","VO","4","-4438.54",0,-1,0,1,"Incorrect"
"C,3,TC","C","3","TC","68","mik_Dv_4dB.avi","Male","VO","4","2665.77",1,-1,1,0,"Correct"
"C,3,TC","C","3","TC","71","mik_Gg_4dB.avi","Male","AV_C","7","2312.38",1,1,1,-1,"Correct"
"C,3,TC","C","3","TC","66","mik_Db_4dB.avi","Male","AV_M","7","-2647.89",0,-2,-2,-2,"Ella to fill"
"C,3,TC","C","3","TC","63","mik_Bg_4dB.avi","Male","AV_M","2","-2729.18",0,-2,-2,-2,"Ella to fill"
"C,3,TC","C","3","TC","49","lor_Ba_4dB.avi","Female","AO","2","2891.77",1,1,-1,-1,"Correct"
"C,3,TC","C","3","TC","56","lor_Dv_4dB.avi","Female","VO","4","2479.40",1,-1,1,0,"Correct"
"C,3,TC","C","3","TC","52","lor_Bv_4dB.avi","Female","VO","2","2492.07",1,-1,1,0,"Correct"
"C,3,TC","C","3","TC","82","lor_Gb_4dB.avi","Female","AV_M","7","-2307.47",0,-2,-2,-2,"Ella to fill"
"C,3,TC","C","3","TC","83","lor_Gg_4dB.avi","Female","AV_C","7","2044.78",1,1,1,-1,"Correct"
"C,3,TC","C","3","TC","93","mik_Ga_4dB.avi","Male","AO","7","2280.70",1,1,-1,-1,"Correct"
"C,3,TC","C","3","TC","85","mik_Ba_4dB.avi","Male","AO","2","2491.69",1,1,-1,-1,"Correct"
"C,3,TC","C","3","TC","75","lor_Bg_4dB.avi","Female","AV_M","7","-3674.61",0,-2,-2,-2,"Ella to fill"
"C,3,TC","C","3","TC","95","mik_Gg_4dB.avi","Male","AV_C","7","2477.45",1,1,1,-1,"Correct"
"C,3,TC","C","3","TC","79","lor_Dd_4dB.avi","Female","AV_C","4","2521.00",1,1,1,-1,"Correct"
"C,3,TC","C","3","TC","73","lor_Ba_4dB.avi","Female","AO","2","2340.62",1,1,-1,-1,"Correct"
"C,3,TC","C","3","TC","78","lor_Db_4dB.avi","Female","AV_M","7","-2580.57",0,-2,-2,-2,"Ella to fill"
"C,3,TC","C","3","TC","90","mik_Db_4dB.avi","Male","AV_M","4","-2494.57",0,-2,-2,-2,"Ella to fill"
"C,3,TC","C","3","TC","88","mik_Bv_4dB.avi","Male","VO","2","4115.45",1,-1,1,0,"Correct"
"C,3,TC","C","3","TC","89","mik_Da_4dB.avi","Male","AO","4","2581.82",1,1,-1,-1,"Correct"
"C,3,TC","C","3","TC","77","lor_Da_4dB.avi","Female","AO","4","2773.43",1,1,-1,-1,"Correct"
"C,3,TC","C","3","TC","80","lor_Dv_4dB.avi","Female","VO","4","3536.41",1,-1,1,0,"Correct"
"C,3,TC","C","3","TC","86","mik_Bb_4dB.avi","Male","AV_C","2","2042.96",1,1,1,-1,"Correct"
"C,3,TC","C","3","TC","81","lor_Ga_4dB.avi","Female","AO","7","3300.52",1,1,-1,-1,"Correct"
"C,3,TC","C","3","TC","84","lor_Gv_4dB.avi","Female","VO","4","-4232.42",0,-1,0,1,"Incorrect"
"C,3,TC","C","3","TC","87","mik_Bg_4dB.avi","Male","AV_M","2","-3080.74",0,-2,-2,-2,"Ella to fill"
"C,3,TC","C","3","TC","94","mik_Gb_4dB.avi","Male","AV_M","7","-2342.28",0,-2,-2,-2,"Ella to fill"
"C,3,TC","C","3","TC","91","mik_Dd_4dB.avi","Male","AV_C","4","2498.23",1,1,1,-1,"Correct"
"C,3,TC","C","3","TC","74","lor_Bb_4dB.avi","Female","AV_C","2","2221.53",1,1,1,-1,"Correct"
"C,3,TC","C","3","TC","76","lor_Bv_4dB.avi","Female","VO","2","2874.15",1,-1,1,0,"Correct"
"C,3,TC","C","3","TC","92","mik_Dv_4dB.avi","Male","VO","4","2259.14",1,-1,1,0,"Correct"
"C,3,TC","C","3","TC","96","mik_Gv_4dB.avi","Male","VO","4","-3986.03",0,-1,0,1,"Incorrect"
"C,4,MC","C","4","MC","13","mik_Ba.avi","Male","AO","2","2547.05",1,1,-1,-1,"Correct"
"C,4,MC","C","4","MC","5","lor_Da.avi","Female","AO","4","3035.68",1,1,-1,-1,"Correct"
"C,4,MC","C","4","MC","9","lor_Ga.avi","Female","AO","7","2573.95",1,1,-1,-1,"Correct"
"C,4,MC","C","4","MC","8","lor_Dv.avi","Female","VO","2","-4288.57",0,-1,0,1,"Incorrect"
"C,4,MC","C","4","MC","18","mik_Db.avi","Male","AV_M","4","-2683.35",0,-2,-2,-2,"Ella to fill"
"C,4,MC","C","4","MC","6","lor_Db.avi","Female","AV_M","4","-2596.40",0,-2,-2,-2,"Ella to fill"
"C,4,MC","C","4","MC","21","mik_Ga.avi","Male","AO","4","-2421.50",0,0,-1,-1,"Incorrect"
"C,4,MC","C","4","MC","16","mik_Bv.avi","Male","VO","2","2304.40",1,-1,1,0,"Correct"
"C,4,MC","C","4","MC","17","mik_Da.avi","Male","AO","4","2359.00",1,1,-1,-1,"Correct"
"C,4,MC","C","4","MC","20","mik_Dv.avi","Male","VO","4","2562.56",1,-1,1,0,"Correct"
"C,4,MC","C","4","MC","1","lor_Ba.avi","Female","AO","2","2826.53",1,1,-1,-1,"Correct"
"C,4,MC","C","4","MC","23","mik_Gg.avi","Male","AV_C","4","-2160.53",0,0,0,-1,"Incorrect"
"C,4,MC","C","4","MC","15","mik_Bg.avi","Male","AV_M","2","-3438.05",0,-2,-2,-2,"Ella to fill"
"C,4,MC","C","4","MC","3","lor_Bg.avi","Female","AV_M","2","-3085.25",0,-2,-2,-2,"Ella to fill"
"C,4,MC","C","4","MC","22","mik_Gb.avi","Male","AV_M","4","2250.23",1,-2,-2,-2,"Ella to fill"
"C,4,MC","C","4","MC","19","mik_Dd.avi","Male","AV_C","4","2018.88",1,1,1,-1,"Correct"
"C,4,MC","C","4","MC","14","mik_Bb.avi","Male","AV_C","2","2006.14",1,1,1,-1,"Correct"
"C,4,MC","C","4","MC","10","lor_Gb.avi","Female","AV_M","7","-2026.67",0,-2,-2,-2,"Ella to fill"
"C,4,MC","C","4","MC","4","lor_Bv.avi","Female","VO","2","2900.66",1,-1,1,0,"Correct"
"C,4,MC","C","4","MC","7","lor_Dd.avi","Female","AV_C","4","2423.58",1,1,1,-1,"Correct"
"C,4,MC","C","4","MC","2","lor_Bb.avi","Female","AV_C","2","2271.20",1,1,1,-1,"Correct"
"C,4,MC","C","4","MC","12","lor_Gv.avi","Female","VO","7","5017.06",1,-1,1,0,"Correct"
"C,4,MC","C","4","MC","11","lor_Gg.avi","Female","AV_C","7","2414.36",1,1,1,-1,"Correct"
"C,4,MC","C","4","MC","24","mik_Gv.avi","Male","VO","4","-3958.77",0,-1,0,1,"Incorrect"
"C,4,MC","C","4","MC","28","lor_Bv.avi","Female","VO","2","2492.83",1,-1,1,0,"Correct"
"C,4,MC","C","4","MC","35","lor_Gg.avi","Female","AV_C","7","2271.79",1,1,1,-1,"Correct"
"C,4,MC","C","4","MC","30","lor_Db.avi","Female","AV_M","4","-2963.05",0,-2,-2,-2,"Ella to fill"
"C,4,MC","C","4","MC","45","mik_Ga.avi","Male","AO","4","-2806.69",0,0,-1,-1,"Incorrect"
"C,4,MC","C","4","MC","41","mik_Da.avi","Male","AO","4","2875.64",1,1,-1,-1,"Correct"
"C,4,MC","C","4","MC","32","lor_Dv.avi","Female","VO","7","-2334.56",0,-1,0,1,"Incorrect"
"C,4,MC","C","4","MC","27","lor_Bg.avi","Female","AV_M","2","-2862.50",0,-2,-2,-2,"Ella to fill"
"C,4,MC","C","4","MC","48","mik_Gv.avi","Male","VO","7","2779.12",1,-1,1,0,"Correct"
"C,4,MC","C","4","MC","34","lor_Gb.avi","Female","AV_M","7","-2465.35",0,-2,-2,-2,"Ella to fill"
"C,4,MC","C","4","MC","39","mik_Bg.avi","Male","AV_M","2","-3578.63",0,-2,-2,-2,"Ella to fill"
"C,4,MC","C","4","MC","29","lor_Da.avi","Female","AO","4","2845.47",1,1,-1,-1,"Correct"
"C,4,MC","C","4","MC","46","mik_Gb.avi","Male","AV_M","4","2665.75",1,-2,-2,-2,"Ella to fill"
"C,4,MC","C","4","MC","25","lor_Ba.avi","Female","AO","2","2806.71",1,1,-1,-1,"Correct"
"C,4,MC","C","4","MC","31","lor_Dd.avi","Female","AV_C","4","2271.36",1,1,1,-1,"Correct"
"C,4,MC","C","4","MC","33","lor_Ga.avi","Female","AO","7","2245.64",1,1,-1,-1,"Correct"
"C,4,MC","C","4","MC","36","lor_Gv.avi","Female","VO","7","3185.52",1,-1,1,0,"Correct"
"C,4,MC","C","4","MC","47","mik_Gg.avi","Male","AV_C","4","-2582.84",0,0,0,-1,"Incorrect"
"C,4,MC","C","4","MC","43","mik_Dd.avi","Male","AV_C","4","2655.08",1,1,1,-1,"Correct"
"C,4,MC","C","4","MC","40","mik_Bv.avi","Male","VO","2","2345.69",1,-1,1,0,"Correct"
"C,4,MC","C","4","MC","42","mik_Db.avi","Male","AV_M","4","-2358.95",0,-2,-2,-2,"Ella to fill"
"C,4,MC","C","4","MC","44","mik_Dv.avi","Male","VO","7","-2087.91",0,-1,0,1,"Incorrect"
"C,4,MC","C","4","MC","38","mik_Bb.avi","Male","AV_C","2","3138.83",1,1,1,-1,"Correct"
"C,4,MC","C","4","MC","26","lor_Bb.avi","Female","AV_C","2","2527.78",1,1,1,-1,"Correct"
"C,4,MC","C","4","MC","37","mik_Ba.avi","Male","AO","2","2467.41",1,1,-1,-1,"Correct"
"C,4,MC","C","4","MC","93","mik_Ga_4dB.avi","Male","AO","4","-2303.07",0,0,-1,-1,"Incorrect"
"C,4,MC","C","4","MC","85","mik_Ba_4dB.avi","Male","AO","2","2703.68",1,1,-1,-1,"Correct"
"C,4,MC","C","4","MC","77","lor_Da_4dB.avi","Female","AO","4","2433.29",1,1,-1,-1,"Correct"
"C,4,MC","C","4","MC","95","mik_Gg_4dB.avi","Male","AV_C","4","-2895.60",0,0,0,-1,"Incorrect"
"C,4,MC","C","4","MC","87","mik_Bg_4dB.avi","Male","AV_M","2","-2066.80",0,-2,-2,-2,"Ella to fill"
"C,4,MC","C","4","MC","82","lor_Gb_4dB.avi","Female","AV_M","7","-1871.76",0,-2,-2,-2,"Ella to fill"
"C,4,MC","C","4","MC","81","lor_Ga_4dB.avi","Female","AO","7","2392.72",1,1,-1,-1,"Correct"
"C,4,MC","C","4","MC","90","mik_Db_4dB.avi","Male","AV_M","4","-2134.69",0,-2,-2,-2,"Ella to fill"
"C,4,MC","C","4","MC","76","lor_Bv_4dB.avi","Female","VO","2","2351.30",1,-1,1,0,"Correct"
"C,4,MC","C","4","MC","94","mik_Gb_4dB.avi","Male","AV_M","4","2267.25",1,-2,-2,-2,"Ella to fill"
"C,4,MC","C","4","MC","78","lor_Db_4dB.avi","Female","AV_M","7","-1931.89",0,-2,-2,-2,"Ella to fill"
"C,4,MC","C","4","MC","92","mik_Dv_4dB.avi","Male","VO","4","2798.83",1,-1,1,0,"Correct"
"C,4,MC","C","4","MC","75","lor_Bg_4dB.avi","Female","AV_M","2","-2478.82",0,-2,-2,-2,"Ella to fill"
"C,4,MC","C","4","MC","86","mik_Bb_4dB.avi","Male","AV_C","2","2404.45",1,1,1,-1,"Correct"
"C,4,MC","C","4","MC","89","mik_Da_4dB.avi","Male","AO","4","2594.07",1,1,-1,-1,"Correct"
"C,4,MC","C","4","MC","73","lor_Ba_4dB.avi","Female","AO","2","2537.03",1,1,-1,-1,"Correct"
"C,4,MC","C","4","MC","96","mik_Gv_4dB.avi","Male","VO","4","-2068.00",0,-1,0,1,"Incorrect"
"C,4,MC","C","4","MC","74","lor_Bb_4dB.avi","Female","AV_C","2","2052.58",1,1,1,-1,"Correct"
"C,4,MC","C","4","MC","83","lor_Gg_4dB.avi","Female","AV_C","7","1826.23",1,1,1,-1,"Correct"
"C,4,MC","C","4","MC","91","mik_Dd_4dB.avi","Male","AV_C","4","2135.18",1,1,1,-1,"Correct"
"C,4,MC","C","4","MC","80","lor_Dv_4dB.avi","Female","VO","4","2246.43",1,-1,1,0,"Correct"
"C,4,MC","C","4","MC","79","lor_Dd_4dB.avi","Female","AV_C","4","2433.39",1,1,1,-1,"Correct"
"C,4,MC","C","4","MC","84","lor_Gv_4dB.avi","Female","VO","7","3869.33",1,-1,1,0,"Correct"
"C,4,MC","C","4","MC","88","mik_Bv_4dB.avi","Male","VO","2","4467.72",1,-1,1,0,"Correct"
"C,4,MC","C","4","MC","52","lor_Bv_4dB.avi","Female","VO","2","5701.24",1,-1,1,0,"Correct"
"C,4,MC","C","4","MC","69","mik_Ga_4dB.avi","Male","AO","4","-2166.15",0,0,-1,-1,"Incorrect"
"C,4,MC","C","4","MC","65","mik_Da_4dB.avi","Male","AO","4","2147.77",1,1,-1,-1,"Correct"
"C,4,MC","C","4","MC","67","mik_Dd_4dB.avi","Male","AV_C","4","2448.38",1,1,1,-1,"Correct"
"C,4,MC","C","4","MC","51","lor_Bg_4dB.avi","Female","AV_M","2","-3344.63",0,-2,-2,-2,"Ella to fill"
"C,4,MC","C","4","MC","63","mik_Bg_4dB.avi","Male","AV_M","2","-3143.87",0,-2,-2,-2,"Ella to fill"
"C,4,MC","C","4","MC","49","lor_Ba_4dB.avi","Female","AO","2","2244.78",1,1,-1,-1,"Correct"
"C,4,MC","C","4","MC","68","mik_Dv_4dB.avi","Male","VO","7","-2550.04",0,-1,0,1,"Incorrect"
"C,4,MC","C","4","MC","66","mik_Db_4dB.avi","Male","AV_M","4","-2657.04",0,-2,-2,-2,"Ella to fill"
"C,4,MC","C","4","MC","62","mik_Bb_4dB.avi","Male","AV_C","2","2229.65",1,1,1,-1,"Correct"
"C,4,MC","C","4","MC","55","lor_Dd_4dB.avi","Female","AV_C","4","3004.61",1,1,1,-1,"Correct"
"C,4,MC","C","4","MC","50","lor_Bb_4dB.avi","Female","AV_C","2","2928.56",1,1,1,-1,"Correct"
"C,4,MC","C","4","MC","57","lor_Ga_4dB.avi","Female","AO","7","2327.22",1,1,-1,-1,"Correct"
"C,4,MC","C","4","MC","54","lor_Db_4dB.avi","Female","AV_M","7","-2158.18",0,-2,-2,-2,"Ella to fill"
"C,4,MC","C","4","MC","58","lor_Gb_4dB.avi","Female","AV_M","7","-2119.16",0,-2,-2,-2,"Ella to fill"
"C,4,MC","C","4","MC","70","mik_Gb_4dB.avi","Male","AV_M","7","-2390.75",0,-2,-2,-2,"Ella to fill"
"C,4,MC","C","4","MC","72","mik_Gv_4dB.avi","Male","VO","4","-2352.03",0,-1,0,1,"Incorrect"
"C,4,MC","C","4","MC","53","lor_Da_4dB.avi","Female","AO","4","2701.93",1,1,-1,-1,"Correct"
"C,4,MC","C","4","MC","71","mik_Gg_4dB.avi","Male","AV_C","4","-2348.89",0,0,0,-1,"Incorrect"
"C,4,MC","C","4","MC","59","lor_Gg_4dB.avi","Female","AV_C","7","2149.77",1,1,1,-1,"Correct"
"C,4,MC","C","4","MC","56","lor_Dv_4dB.avi","Female","VO","4","2727.37",1,-1,1,0,"Correct"
"C,4,MC","C","4","MC","64","mik_Bv_4dB.avi","Male","VO","2","2574.33",1,-1,1,0,"Correct"
"C,4,MC","C","4","MC","60","lor_Gv_4dB.avi","Female","VO","7","2964.94",1,-1,1,0,"Correct"
"C,4,MC","C","4","MC","61","mik_Ba_4dB.avi","Male","AO","2","2713.14",1,1,-1,-1,"Correct"
"D,7,BB","D","7","BB","31","lor_Dd.avi","Female","AV_C","4","2277.27",1,1,1,-1,"Correct"
"D,7,BB","D","7","BB","46","mik_Gb.avi","Male","AV_M","7","-4515.81",0,-2,-2,-2,"Ella to fill"
"D,7,BB","D","7","BB","47","mik_Gg.avi","Male","AV_C","7","2053.76",1,1,1,-1,"Correct"
"D,7,BB","D","7","BB","35","lor_Gg.avi","Female","AV_C","7","2234.66",1,1,1,-1,"Correct"
"D,7,BB","D","7","BB","30","lor_Db.avi","Female","AV_M","4","-2837.60",0,-2,-2,-2,"Ella to fill"
"D,7,BB","D","7","BB","37","mik_Ba.avi","Male","AO","2","2166.56",1,1,-1,-1,"Correct"
"D,7,BB","D","7","BB","45","mik_Ga.avi","Male","AO","7","2370.51",1,1,-1,-1,"Correct"
"D,7,BB","D","7","BB","40","mik_Bv.avi","Male","VO","2","2931.39",1,-1,1,0,"Correct"
"D,7,BB","D","7","BB","42","mik_Db.avi","Male","AV_M","4","-2578.38",0,-2,-2,-2,"Ella to fill"
"D,7,BB","D","7","BB","44","mik_Dv.avi","Male","VO","4","2243.99",1,-1,1,0,"Correct"
"D,7,BB","D","7","BB","27","lor_Bg.avi","Female","AV_M","2","-2529.89",0,-2,-2,-2,"Ella to fill"
"D,7,BB","D","7","BB","26","lor_Bb.avi","Female","AV_C","2","2333.86",1,1,1,-1,"Correct"
"D,7,BB","D","7","BB","32","lor_Dv.avi","Female","VO","4","2345.49",1,-1,1,0,"Correct"
"D,7,BB","D","7","BB","29","lor_Da.avi","Female","AO","4","2988.40",1,1,-1,-1,"Correct"
"D,7,BB","D","7","BB","25","lor_Ba.avi","Female","AO","2","2468.05",1,1,-1,-1,"Correct"
"D,7,BB","D","7","BB","48","mik_Gv.avi","Male","VO","4","-2290.04",0,-1,0,1,"Incorrect"
"D,7,BB","D","7","BB","36","lor_Gv.avi","Female","VO","7","4062.24",1,-1,1,0,"Correct"
"D,7,BB","D","7","BB","28","lor_Bv.avi","Female","VO","2","1776.61",1,-1,1,0,"Correct"
"D,7,BB","D","7","BB","39","mik_Bg.avi","Male","AV_M","2","-2375.57",0,-2,-2,-2,"Ella to fill"
"D,7,BB","D","7","BB","41","mik_Da.avi","Male","AO","4","2253.13",1,1,-1,-1,"Correct"
"D,7,BB","D","7","BB","33","lor_Ga.avi","Female","AO","7","2267.05",1,1,-1,-1,"Correct"
"D,7,BB","D","7","BB","34","lor_Gb.avi","Female","AV_M","7","-2138.66",0,-2,-2,-2,"Ella to fill"
"D,7,BB","D","7","BB","38","mik_Bb.avi","Male","AV_C","2","2140.05",1,1,1,-1,"Correct"
"D,7,BB","D","7","BB","43","mik_Dd.avi","Male","AV_C","4","2247.22",1,1,1,-1,"Correct"
"D,7,BB","D","7","BB","20","mik_Dv.avi","Male","VO","4","1976.19",1,-1,1,0,"Correct"
"D,7,BB","D","7","BB","9","lor_Ga.avi","Female","AO","7","2011.18",1,1,-1,-1,"Correct"
"D,7,BB","D","7","BB","22","mik_Gb.avi","Male","AV_M","2","-1881.43",0,-2,-2,-2,"Ella to fill"
"D,7,BB","D","7","BB","23","mik_Gg.avi","Male","AV_C","7","2117.73",1,1,1,-1,"Correct"
"D,7,BB","D","7","BB","6","lor_Db.avi","Female","AV_M","4","-2280.26",0,-2,-2,-2,"Ella to fill"
"D,7,BB","D","7","BB","16","mik_Bv.avi","Male","VO","2","2198.21",1,-1,1,0,"Correct"
"D,7,BB","D","7","BB","21","mik_Ga.avi","Male","AO","7","2066.79",1,1,-1,-1,"Correct"
"D,7,BB","D","7","BB","24","mik_Gv.avi","Male","VO","4","-2236.08",0,-1,0,1,"Incorrect"
"D,7,BB","D","7","BB","5","lor_Da.avi","Female","AO","4","2205.32",1,1,-1,-1,"Correct"
"D,7,BB","D","7","BB","12","lor_Gv.avi","Female","VO","7","4060.93",1,-1,1,0,"Correct"
"D,7,BB","D","7","BB","8","lor_Dv.avi","Female","VO","7","-2143.96",0,-1,0,1,"Incorrect"
"D,7,BB","D","7","BB","11","lor_Gg.avi","Female","AV_C","7","2143.90",1,1,1,-1,"Correct"
"D,7,BB","D","7","BB","15","mik_Bg.avi","Male","AV_M","2","-2400.50",0,-2,-2,-2,"Ella to fill"
"D,7,BB","D","7","BB","13","mik_Ba.avi","Male","AO","2","1927.75",1,1,-1,-1,"Correct"
"D,7,BB","D","7","BB","17","mik_Da.avi","Male","AO","4","1979.64",1,1,-1,-1,"Correct"
"D,7,BB","D","7","BB","3","lor_Bg.avi","Female","AV_M","2","-2201.96",0,-2,-2,-2,"Ella to fill"
"D,7,BB","D","7","BB","2","lor_Bb.avi","Female","AV_C","2","1912.02",1,1,1,-1,"Correct"
"D,7,BB","D","7","BB","10","lor_Gb.avi","Female","AV_M","7","-2253.41",0,-2,-2,-2,"Ella to fill"
"D,7,BB","D","7","BB","19","mik_Dd.avi","Male","AV_C","4","2632.10",1,1,1,-1,"Correct"
"D,7,BB","D","7","BB","4","lor_Bv.avi","Female","VO","2","2020.57",1,-1,1,0,"Correct"
"D,7,BB","D","7","BB","14","mik_Bb.avi","Male","AV_C","2","1896.29",1,1,1,-1,"Correct"
"D,7,BB","D","7","BB","1","lor_Ba.avi","Female","AO","2","2572.61",1,1,-1,-1,"Correct"
"D,7,BB","D","7","BB","18","mik_Db.avi","Male","AV_M","4","-2172.95",0,-2,-2,-2,"Ella to fill"
"D,7,BB","D","7","BB","7","lor_Dd.avi","Female","AV_C","4","2106.52",1,1,1,-1,"Correct"
"D,7,BB","D","7","BB","49","lor_Ba_4dB.avi","Female","AO","2","2120.22",1,1,-1,-1,"Correct"
"D,7,BB","D","7","BB","69","mik_Ga_4dB.avi","Male","AO","7","1752.83",1,1,-1,-1,"Correct"
"D,7,BB","D","7","BB","62","mik_Bb_4dB.avi","Male","AV_C","2","2134.80",1,1,1,-1,"Correct"
"D,7,BB","D","7","BB","68","mik_Dv_4dB.avi","Male","VO","4","1989.78",1,-1,1,0,"Correct"
"D,7,BB","D","7","BB","52","lor_Bv_4dB.avi","Female","VO","2","2134.34",1,-1,1,0,"Correct"
"D,7,BB","D","7","BB","54","lor_Db_4dB.avi","Female","AV_M","4","-2095.68",0,-2,-2,-2,"Ella to fill"
"D,7,BB","D","7","BB","51","lor_Bg_4dB.avi","Female","AV_M","2","-3264.29",0,-2,-2,-2,"Ella to fill"
"D,7,BB","D","7","BB","63","mik_Bg_4dB.avi","Male","AV_M","2","-2590.55",0,-2,-2,-2,"Ella to fill"
"D,7,BB","D","7","BB","55","lor_Dd_4dB.avi","Female","AV_C","4","2369.50",1,1,1,-1,"Correct"
"D,7,BB","D","7","BB","57","lor_Ga_4dB.avi","Female","AO","7","2456.14",1,1,-1,-1,"Correct"
"D,7,BB","D","7","BB","61","mik_Ba_4dB.avi","Male","AO","2","2779.36",1,1,-1,-1,"Correct"
"D,7,BB","D","7","BB","50","lor_Bb_4dB.avi","Female","AV_C","2","2506.39",1,1,1,-1,"Correct"
"D,7,BB","D","7","BB","64","mik_Bv_4dB.avi","Male","VO","2","1841.05",1,-1,1,0,"Correct"
"D,7,BB","D","7","BB","72","mik_Gv_4dB.avi","Male","VO","4","-2275.66",0,-1,0,1,"Incorrect"
"D,7,BB","D","7","BB","53","lor_Da_4dB.avi","Female","AO","4","2255.83",1,1,-1,-1,"Correct"
"D,7,BB","D","7","BB","65","mik_Da_4dB.avi","Male","AO","4","2056.54",1,1,-1,-1,"Correct"
"D,7,BB","D","7","BB","71","mik_Gg_4dB.avi","Male","AV_C","4","-1731.16",0,0,0,-1,"Incorrect"
"D,7,BB","D","7","BB","60","lor_Gv_4dB.avi","Female","VO","7","2263.66",1,-1,1,0,"Correct"
"D,7,BB","D","7","BB","67","mik_Dd_4dB.avi","Male","AV_C","4","1881.65",1,1,1,-1,"Correct"
"D,7,BB","D","7","BB","70","mik_Gb_4dB.avi","Male","AV_M","4","2599.92",1,-2,-2,-2,"Ella to fill"
"D,7,BB","D","7","BB","66","mik_Db_4dB.avi","Male","AV_M","4","-2270.23",0,-2,-2,-2,"Ella to fill"
"D,7,BB","D","7","BB","56","lor_Dv_4dB.avi","Female","VO","4","2216.18",1,-1,1,0,"Correct"
"D,7,BB","D","7","BB","59","lor_Gg_4dB.avi","Female","AV_C","7","2986.43",1,1,1,-1,"Correct"
"D,7,BB","D","7","BB","58","lor_Gb_4dB.avi","Female","AV_M","7","-2464.43",0,-2,-2,-2,"Ella to fill"
"D,7,BB","D","7","BB","85","mik_Ba_4dB.avi","Male","AO","2","2253.99",1,1,-1,-1,"Correct"
"D,7,BB","D","7","BB","82","lor_Gb_4dB.avi","Female","AV_M","7","-1853.97",0,-2,-2,-2,"Ella to fill"
"D,7,BB","D","7","BB","75","lor_Bg_4dB.avi","Female","AV_M","7","-2286.61",0,-2,-2,-2,"Ella to fill"
"D,7,BB","D","7","BB","73","lor_Ba_4dB.avi","Female","AO","2","2925.24",1,1,-1,-1,"Correct"
"D,7,BB","D","7","BB","84","lor_Gv_4dB.avi","Female","VO","7","2459.55",1,-1,1,0,"Correct"
"D,7,BB","D","7","BB","94","mik_Gb_4dB.avi","Male","AV_M","4","2943.51",1,-2,-2,-2,"Ella to fill"
"D,7,BB","D","7","BB","87","mik_Bg_4dB.avi","Male","AV_M","7","-2624.82",0,-2,-2,-2,"Ella to fill"
"D,7,BB","D","7","BB","89","mik_Da_4dB.avi","Male","AO","4","3700.68",1,1,-1,-1,"Correct"
"D,7,BB","D","7","BB","77","lor_Da_4dB.avi","Female","AO","4","2041.47",1,1,-1,-1,"Correct"
"D,7,BB","D","7","BB","86","mik_Bb_4dB.avi","Male","AV_C","2","1814.42",1,1,1,-1,"Correct"
"D,7,BB","D","7","BB","79","lor_Dd_4dB.avi","Female","AV_C","4","2084.05",1,1,1,-1,"Correct"
"D,7,BB","D","7","BB","76","lor_Bv_4dB.avi","Female","VO","2","1704.90",1,-1,1,0,"Correct"
"D,7,BB","D","7","BB","90","mik_Db_4dB.avi","Male","AV_M","4","-1898.65",0,-2,-2,-2,"Ella to fill"
"D,7,BB","D","7","BB","93","mik_Ga_4dB.avi","Male","AO","4","-2098.25",0,0,-1,-1,"Incorrect"
"D,7,BB","D","7","BB","83","lor_Gg_4dB.avi","Female","AV_C","7","2298.85",1,1,1,-1,"Correct"
"D,7,BB","D","7","BB","80","lor_Dv_4dB.avi","Female","VO","4","2503.86",1,-1,1,0,"Correct"
"D,7,BB","D","7","BB","88","mik_Bv_4dB.avi","Male","VO","2","1927.50",1,-1,1,0,"Correct"
"D,7,BB","D","7","BB","96","mik_Gv_4dB.avi","Male","VO","4","-1845.77",0,-1,0,1,"Incorrect"
"D,7,BB","D","7","BB","91","mik_Dd_4dB.avi","Male","AV_C","4","2069.70",1,1,1,-1,"Correct"
"D,7,BB","D","7","BB","74","lor_Bb_4dB.avi","Female","AV_C","2","1954.33",1,1,1,-1,"Correct"
"D,7,BB","D","7","BB","92","mik_Dv_4dB.avi","Male","VO","2","-2228.27",0,-1,0,1,"Incorrect"
"D,7,BB","D","7","BB","78","lor_Db_4dB.avi","Female","AV_M","4","-2072.60",0,-2,-2,-2,"Ella to fill"
"D,7,BB","D","7","BB","95","mik_Gg_4dB.avi","Male","AV_C","7","2947.17",1,1,1,-1,"Correct"
"D,7,BB","D","7","BB","81","lor_Ga_4dB.avi","Female","AO","4","-2296.08",0,0,-1,-1,"Incorrect"
"D,8,JB","D","8","JB","45","mik_Ga.avi","Male","AO","4","-2275.69",0,0,-1,-1,"Incorrect"
"D,8,JB","D","8","JB","43","mik_Dd.avi","Male","AV_C","4","2165.64",1,1,1,-1,"Correct"
"D,8,JB","D","8","JB","34","lor_Gb.avi","Female","AV_M","7","-3099.83",0,-2,-2,-2,"Ella to fill"
"D,8,JB","D","8","JB","44","mik_Dv.avi","Male","VO","7","-1865.88",0,-1,0,1,"Incorrect"
"D,8,JB","D","8","JB","48","mik_Gv.avi","Male","VO","2","-3083.24",0,-1,0,1,"Incorrect"
"D,8,JB","D","8","JB","47","mik_Gg.avi","Male","AV_C","7","2741.02",1,1,1,-1,"Correct"
"D,8,JB","D","8","JB","26","lor_Bb.avi","Female","AV_C","2","1549.95",1,1,1,-1,"Correct"
"D,8,JB","D","8","JB","27","lor_Bg.avi","Female","AV_M","2","-1851.56",0,-2,-2,-2,"Ella to fill"
"D,8,JB","D","8","JB","36","lor_Gv.avi","Female","VO","2","-3977.46",0,-1,0,1,"Incorrect"
"D,8,JB","D","8","JB","41","mik_Da.avi","Male","AO","4","2507.87",1,1,-1,-1,"Correct"
"D,8,JB","D","8","JB","31","lor_Dd.avi","Female","AV_C","4","2015.80",1,1,1,-1,"Correct"
"D,8,JB","D","8","JB","37","mik_Ba.avi","Male","AO","2","1992.09",1,1,-1,-1,"Correct"
"D,8,JB","D","8","JB","35","lor_Gg.avi","Female","AV_C","7","1851.65",1,1,1,-1,"Correct"
"D,8,JB","D","8","JB","30","lor_Db.avi","Female","AV_M","2","2353.02",1,-2,-2,-2,"Ella to fill"
"D,8,JB","D","8","JB","38","mik_Bb.avi","Male","AV_C","2","2364.25",1,1,1,-1,"Correct"
"D,8,JB","D","8","JB","32","lor_Dv.avi","Female","VO","4","1962.51",1,-1,1,0,"Correct"
"D,8,JB","D","8","JB","46","mik_Gb.avi","Male","AV_M","7","-2422.80",0,-2,-2,-2,"Ella to fill"
"D,8,JB","D","8","JB","40","mik_Bv.avi","Male","VO","2","2921.39",1,-1,1,0,"Correct"
"D,8,JB","D","8","JB","33","lor_Ga.avi","Female","AO","7","2411.00",1,1,-1,-1,"Correct"
"D,8,JB","D","8","JB","28","lor_Bv.avi","Female","VO","2","3087.91",1,-1,1,0,"Correct"
"D,8,JB","D","8","JB","29","lor_Da.avi","Female","AO","4","2729.55",1,1,-1,-1,"Correct"
"D,8,JB","D","8","JB","39","mik_Bg.avi","Male","AV_M","2","-2349.87",0,-2,-2,-2,"Ella to fill"
"D,8,JB","D","8","JB","42","mik_Db.avi","Male","AV_M","4","-2945.42",0,-2,-2,-2,"Ella to fill"
"D,8,JB","D","8","JB","25","lor_Ba.avi","Female","AO","2","2935.69",1,1,-1,-1,"Correct"
"D,8,JB","D","8","JB","13","mik_Ba.avi","Male","AO","2","2594.01",1,1,-1,-1,"Correct"
"D,8,JB","D","8","JB","3","lor_Bg.avi","Female","AV_M","2","-1843.98",0,-2,-2,-2,"Ella to fill"
"D,8,JB","D","8","JB","15","mik_Bg.avi","Male","AV_M","2","-2353.58",0,-2,-2,-2,"Ella to fill"
"D,8,JB","D","8","JB","7","lor_Dd.avi","Female","AV_C","4","2974.09",1,1,1,-1,"Correct"
"D,8,JB","D","8","JB","22","mik_Gb.avi","Male","AV_M","7","-2670.06",0,-2,-2,-2,"Ella to fill"
"D,8,JB","D","8","JB","20","mik_Dv.avi","Male","VO","4","2954.66",1,-1,1,0,"Correct"
"D,8,JB","D","8","JB","24","mik_Gv.avi","Male","VO","2","-2521.26",0,-1,0,1,"Incorrect"
"D,8,JB","D","8","JB","16","mik_Bv.avi","Male","VO","2","1562.85",1,-1,1,0,"Correct"
"D,8,JB","D","8","JB","19","mik_Dd.avi","Male","AV_C","7","-1491.86",0,0,0,-1,"Incorrect"
"D,8,JB","D","8","JB","5","lor_Da.avi","Female","AO","4","2923.71",1,1,-1,-1,"Correct"
"D,8,JB","D","8","JB","9","lor_Ga.avi","Female","AO","7","2362.59",1,1,-1,-1,"Correct"
"D,8,JB","D","8","JB","8","lor_Dv.avi","Female","VO","7","-1512.56",0,-1,0,1,"Incorrect"
"D,8,JB","D","8","JB","18","mik_Db.avi","Male","AV_M","4","-2628.51",0,-2,-2,-2,"Ella to fill"
"D,8,JB","D","8","JB","2","lor_Bb.avi","Female","AV_C","2","1532.47",1,1,1,-1,"Correct"
"D,8,JB","D","8","JB","14","mik_Bb.avi","Male","AV_C","2","2045.42",1,1,1,-1,"Correct"
"D,8,JB","D","8","JB","21","mik_Ga.avi","Male","AO","7","2256.38",1,1,-1,-1,"Correct"
"D,8,JB","D","8","JB","6","lor_Db.avi","Female","AV_M","4","-3504.10",0,-2,-2,-2,"Ella to fill"
"D,8,JB","D","8","JB","17","mik_Da.avi","Male","AO","4","2712.80",1,1,-1,-1,"Correct"
"D,8,JB","D","8","JB","1","lor_Ba.avi","Female","AO","2","2391.04",1,1,-1,-1,"Correct"
"D,8,JB","D","8","JB","12","lor_Gv.avi","Female","VO","4","-3349.33",0,-1,0,1,"Incorrect"
"D,8,JB","D","8","JB","4","lor_Bv.avi","Female","VO","2","1545.28",1,-1,1,0,"Correct"
"D,8,JB","D","8","JB","23","mik_Gg.avi","Male","AV_C","7","2256.89",1,1,1,-1,"Correct"
"D,8,JB","D","8","JB","10","lor_Gb.avi","Female","AV_M","7","-2151.13",0,-2,-2,-2,"Ella to fill"
"D,8,JB","D","8","JB","11","lor_Gg.avi","Female","AV_C","7","1840.75",1,1,1,-1,"Correct"
"D,8,JB","D","8","JB","66","mik_Db_4dB.avi","Male","AV_M","4","-2335.97",0,-2,-2,-2,"Ella to fill"
"D,8,JB","D","8","JB","59","lor_Gg_4dB.avi","Female","AV_C","7","2994.25",1,1,1,-1,"Correct"
"D,8,JB","D","8","JB","49","lor_Ba_4dB.avi","Female","AO","2","2661.23",1,1,-1,-1,"Correct"
"D,8,JB","D","8","JB","68","mik_Dv_4dB.avi","Male","VO","4","2992.53",1,-1,1,0,"Correct"
"D,8,JB","D","8","JB","52","lor_Bv_4dB.avi","Female","VO","2","1588.83",1,-1,1,0,"Correct"
"D,8,JB","D","8","JB","64","mik_Bv_4dB.avi","Male","VO","2","3073.80",1,-1,1,0,"Correct"
"D,8,JB","D","8","JB","56","lor_Dv_4dB.avi","Female","VO","4","2590.10",1,-1,1,0,"Correct"
"D,8,JB","D","8","JB","70","mik_Gb_4dB.avi","Male","AV_M","4","2493.73",1,-2,-2,-2,"Ella to fill"
"D,8,JB","D","8","JB","63","mik_Bg_4dB.avi","Male","AV_M","2","-2311.97",0,-2,-2,-2,"Ella to fill"
"D,8,JB","D","8","JB","71","mik_Gg_4dB.avi","Male","AV_C","7","1847.62",1,1,1,-1,"Correct"
"D,8,JB","D","8","JB","50","lor_Bb_4dB.avi","Female","AV_C","2","1612.16",1,1,1,-1,"Correct"
"D,8,JB","D","8","JB","69","mik_Ga_4dB.avi","Male","AO","7","3428.08",1,1,-1,-1,"Correct"
"D,8,JB","D","8","JB","53","lor_Da_4dB.avi","Female","AO","7","-2185.64",0,0,-1,-1,"Incorrect"
"D,8,JB","D","8","JB","61","mik_Ba_4dB.avi","Male","AO","2","2252.63",1,1,-1,-1,"Correct"
"D,8,JB","D","8","JB","60","lor_Gv_4dB.avi","Female","VO","2","-4234.51",0,-1,0,1,"Incorrect"
"D,8,JB","D","8","JB","55","lor_Dd_4dB.avi","Female","AV_C","7","-1883.87",0,0,0,-1,"Incorrect"
"D,8,JB","D","8","JB","62","mik_Bb_4dB.avi","Male","AV_C","4","-2968.58",0,0,0,-1,"Incorrect"
"D,8,JB","D","8","JB","58","lor_Gb_4dB.avi","Female","AV_M","7","-2338.02",0,-2,-2,-2,"Ella to fill"
"D,8,JB","D","8","JB","54","lor_Db_4dB.avi","Female","AV_M","4","-2825.09",0,-2,-2,-2,"Ella to fill"
"D,8,JB","D","8","JB","67","mik_Dd_4dB.avi","Male","AV_C","4","2364.72",1,1,1,-1,"Correct"
"D,8,JB","D","8","JB","65","mik_Da_4dB.avi","Male","AO","4","2195.97",1,1,-1,-1,"Correct"
"D,8,JB","D","8","JB","51","lor_Bg_4dB.avi","Female","AV_M","7","-1948.05",0,-2,-2,-2,"Ella to fill"
"D,8,JB","D","8","JB","57","lor_Ga_4dB.avi","Female","AO","7","2125.42",1,1,-1,-1,"Correct"
"D,8,JB","D","8","JB","72","mik_Gv_4dB.avi","Male","VO","4","-3238.46",0,-1,0,1,"Incorrect"
"D,8,JB","D","8","JB","73","lor_Ba_4dB.avi","Female","AO","2","4154.31",1,1,-1,-1,"Correct"
"D,8,JB","D","8","JB","92","mik_Dv_4dB.avi","Male","VO","7","-2083.01",0,-1,0,1,"Incorrect"
"D,8,JB","D","8","JB","91","mik_Dd_4dB.avi","Male","AV_C","7","-341.73",0,0,0,-1,"Incorrect"
"D,8,JB","D","8","JB","83","lor_Gg_4dB.avi","Female","AV_C","7","1976.23",1,1,1,-1,"Correct"
"D,8,JB","D","8","JB","90","mik_Db_4dB.avi","Male","AV_M","2","3040.86",1,-2,-2,-2,"Ella to fill"
"D,8,JB","D","8","JB","94","mik_Gb_4dB.avi","Male","AV_M","4","3585.48",1,-2,-2,-2,"Ella to fill"
"D,8,JB","D","8","JB","84","lor_Gv_4dB.avi","Female","VO","2","-3115.29",0,-1,0,1,"Incorrect"
"D,8,JB","D","8","JB","89","mik_Da_4dB.avi","Male","AO","4","2632.26",1,1,-1,-1,"Correct"
"D,8,JB","D","8","JB","87","mik_Bg_4dB.avi","Male","AV_M","2","-2400.20",0,-2,-2,-2,"Ella to fill"
"D,8,JB","D","8","JB","93","mik_Ga_4dB.avi","Male","AO","4","-3713.42",0,0,-1,-1,"Incorrect"
"D,8,JB","D","8","JB","88","mik_Bv_4dB.avi","Male","VO","2","3667.23",1,-1,1,0,"Correct"
"D,8,JB","D","8","JB","81","lor_Ga_4dB.avi","Female","AO","7","1993.41",1,1,-1,-1,"Correct"
"D,8,JB","D","8","JB","76","lor_Bv_4dB.avi","Female","VO","2","3593.98",1,-1,1,0,"Correct"
"D,8,JB","D","8","JB","78","lor_Db_4dB.avi","Female","AV_M","7","-1910.55",0,-2,-2,-2,"Ella to fill"
"D,8,JB","D","8","JB","96","mik_Gv_4dB.avi","Male","VO","4","-4576.78",0,-1,0,1,"Incorrect"
"D,8,JB","D","8","JB","79","lor_Dd_4dB.avi","Female","AV_C","7","-3032.50",0,0,0,-1,"Incorrect"
"D,8,JB","D","8","JB","80","lor_Dv_4dB.avi","Female","VO","7","-3597.62",0,-1,0,1,"Incorrect"
"D,8,JB","D","8","JB","86","mik_Bb_4dB.avi","Male","AV_C","2","2972.15",1,1,1,-1,"Correct"
"D,8,JB","D","8","JB","74","lor_Bb_4dB.avi","Female","AV_C","2","2760.33",1,1,1,-1,"Correct"
"D,8,JB","D","8","JB","85","mik_Ba_4dB.avi","Male","AO","2","1930.78",1,1,-1,-1,"Correct"
"D,8,JB","D","8","JB","77","lor_Da_4dB.avi","Female","AO","7","-2221.66",0,0,-1,-1,"Incorrect"
"D,8,JB","D","8","JB","75","lor_Bg_4dB.avi","Female","AV_M","4","2770.34",1,-2,-2,-2,"Ella to fill"
"D,8,JB","D","8","JB","82","lor_Gb_4dB.avi","Female","AV_M","7","-2121.00",0,-2,-2,-2,"Ella to fill"
"D,8,JB","D","8","JB","95","mik_Gg_4dB.avi","Male","AV_C","7","1744.71",1,1,1,-1,"Correct"
"D,9,EB","D","9","EB","16","mik_Bv.avi","Male","VO","2","2846.29",1,-1,1,0,"Correct"
"D,9,EB","D","9","EB","4","lor_Bv.avi","Female","VO","2","2619.25",1,-1,1,0,"Correct"
"D,9,EB","D","9","EB","12","lor_Gv.avi","Female","VO","4","-4019.45",0,-1,0,1,"Incorrect"
"D,9,EB","D","9","EB","1","lor_Ba.avi","Female","AO","2","2473.55",1,1,-1,-1,"Correct"
"D,9,EB","D","9","EB","9","lor_Ga.avi","Female","AO","7","2017.19",1,1,-1,-1,"Correct"
"D,9,EB","D","9","EB","24","mik_Gv.avi","Male","VO","4","-2127.82",0,-1,0,1,"Incorrect"
"D,9,EB","D","9","EB","14","mik_Bb.avi","Male","AV_C","2","1949.37",1,1,1,-1,"Correct"
"D,9,EB","D","9","EB","6","lor_Db.avi","Female","AV_M","4","-3535.30",0,-2,-2,-2,"Ella to fill"
"D,9,EB","D","9","EB","3","lor_Bg.avi","Female","AV_M","2","-3006.81",0,-2,-2,-2,"Ella to fill"
"D,9,EB","D","9","EB","8","lor_Dv.avi","Female","VO","4","2725.78",1,-1,1,0,"Correct"
"D,9,EB","D","9","EB","22","mik_Gb.avi","Male","AV_M","7","-2426.40",0,-2,-2,-2,"Ella to fill"
"D,9,EB","D","9","EB","10","lor_Gb.avi","Female","AV_M","7","-2232.26",0,-2,-2,-2,"Ella to fill"
"D,9,EB","D","9","EB","21","mik_Ga.avi","Male","AO","7","2357.24",1,1,-1,-1,"Correct"
"D,9,EB","D","9","EB","2","lor_Bb.avi","Female","AV_C","2","1954.20",1,1,1,-1,"Correct"
"D,9,EB","D","9","EB","15","mik_Bg.avi","Male","AV_M","2","-3126.78",0,-2,-2,-2,"Ella to fill"
"D,9,EB","D","9","EB","7","lor_Dd.avi","Female","AV_C","4","2381.67",1,1,1,-1,"Correct"
"D,9,EB","D","9","EB","13","mik_Ba.avi","Male","AO","2","2340.56",1,1,-1,-1,"Correct"
"D,9,EB","D","9","EB","11","lor_Gg.avi","Female","AV_C","7","2126.51",1,1,1,-1,"Correct"
"D,9,EB","D","9","EB","5","lor_Da.avi","Female","AO","4","2353.12",1,1,-1,-1,"Correct"
"D,9,EB","D","9","EB","18","mik_Db.avi","Male","AV_M","4","-4536.05",0,-2,-2,-2,"Ella to fill"
"D,9,EB","D","9","EB","17","mik_Da.avi","Male","AO","4","2344.55",1,1,-1,-1,"Correct"
"D,9,EB","D","9","EB","19","mik_Dd.avi","Male","AV_C","4","2085.54",1,1,1,-1,"Correct"
"D,9,EB","D","9","EB","20","mik_Dv.avi","Male","VO","4","2175.82",1,-1,1,0,"Correct"
"D,9,EB","D","9","EB","33","lor_Ga.avi","Female","AO","7","2382.48",1,1,-1,-1,"Correct"
"D,9,EB","D","9","EB","26","lor_Bb.avi","Female","AV_C","2","2107.13",1,1,1,-1,"Correct"
"D,9,EB","D","9","EB","48","mik_Gv.avi","Male","VO","4","-2822.06",0,-1,0,1,"Incorrect"
"D,9,EB","D","9","EB","28","lor_Bv.avi","Female","VO","2","2023.66",1,-1,1,0,"Correct"
"D,9,EB","D","9","EB","45","mik_Ga.avi","Male","AO","7","2129.56",1,1,-1,-1,"Correct"
"D,9,EB","D","9","EB","42","mik_Db.avi","Male","AV_M","4","-3034.17",0,-2,-2,-2,"Ella to fill"
"D,9,EB","D","9","EB","41","mik_Da.avi","Male","AO","4","1970.14",1,1,-1,-1,"Correct"
"D,9,EB","D","9","EB","36","lor_Gv.avi","Female","VO","7","3654.72",1,-1,1,0,"Correct"
"D,9,EB","D","9","EB","31","lor_Dd.avi","Female","AV_C","4","2519.56",1,1,1,-1,"Correct"
"D,9,EB","D","9","EB","25","lor_Ba.avi","Female","AO","2","2531.49",1,1,-1,-1,"Correct"
"D,9,EB","D","9","EB","38","mik_Bb.avi","Male","AV_C","2","2020.17",1,1,1,-1,"Correct"
"D,9,EB","D","9","EB","29","lor_Da.avi","Female","AO","4","2292.43",1,1,-1,-1,"Correct"
"D,9,EB","D","9","EB","40","mik_Bv.avi","Male","VO","2","2358.05",1,-1,1,0,"Correct"
"D,9,EB","D","9","EB","34","lor_Gb.avi","Female","AV_M","7","-2296.97",0,-2,-2,-2,"Ella to fill"
"D,9,EB","D","9","EB","46","mik_Gb.avi","Male","AV_M","7","-2449.25",0,-2,-2,-2,"Ella to fill"
"D,9,EB","D","9","EB","44","mik_Dv.avi","Male","VO","4","2452.18",1,-1,1,0,"Correct"
"D,9,EB","D","9","EB","43","mik_Dd.avi","Male","AV_C","4","2051.83",1,1,1,-1,"Correct"
"D,9,EB","D","9","EB","35","lor_Gg.avi","Female","AV_C","7","2864.72",1,1,1,-1,"Correct"
"D,9,EB","D","9","EB","39","mik_Bg.avi","Male","AV_M","2","-2798.37",0,-2,-2,-2,"Ella to fill"
"D,9,EB","D","9","EB","32","lor_Dv.avi","Female","VO","4","2803.93",1,-1,1,0,"Correct"
"D,9,EB","D","9","EB","27","lor_Bg.avi","Female","AV_M","2","-2321.85",0,-2,-2,-2,"Ella to fill"
"D,9,EB","D","9","EB","30","lor_Db.avi","Female","AV_M","4","-2797.48",0,-2,-2,-2,"Ella to fill"
"D,9,EB","D","9","EB","37","mik_Ba.avi","Male","AO","2","2026.16",1,1,-1,-1,"Correct"
"D,9,EB","D","9","EB","47","mik_Gg.avi","Male","AV_C","7","2520.41",1,1,1,-1,"Correct"
"D,9,EB","D","9","EB","64","mik_Bv_4dB.avi","Male","VO","2","1740.86",1,-1,1,0,"Correct"
"D,9,EB","D","9","EB","56","lor_Dv_4dB.avi","Female","VO","2","-1796.15",0,-1,0,1,"Incorrect"
"D,9,EB","D","9","EB","57","lor_Ga_4dB.avi","Female","AO","7","2292.43",1,1,-1,-1,"Correct"
"D,9,EB","D","9","EB","65","mik_Da_4dB.avi","Male","AO","4","2305.04",1,1,-1,-1,"Correct"
"D,9,EB","D","9","EB","67","mik_Dd_4dB.avi","Male","AV_C","4","1956.72",1,1,1,-1,"Correct"
"D,9,EB","D","9","EB","50","lor_Bb_4dB.avi","Female","AV_C","2","2182.63",1,1,1,-1,"Correct"
"D,9,EB","D","9","EB","71","mik_Gg_4dB.avi","Male","AV_C","7","2612.26",1,1,1,-1,"Correct"
"D,9,EB","D","9","EB","54","lor_Db_4dB.avi","Female","AV_M","2","2697.13",1,-2,-2,-2,"Ella to fill"
"D,9,EB","D","9","EB","72","mik_Gv_4dB.avi","Male","VO","4","-3398.76",0,-1,0,1,"Incorrect"
"D,9,EB","D","9","EB","62","mik_Bb_4dB.avi","Male","AV_C","2","2124.70",1,1,1,-1,"Correct"
"D,9,EB","D","9","EB","49","lor_Ba_4dB.avi","Female","AO","2","2472.63",1,1,-1,-1,"Correct"
"D,9,EB","D","9","EB","52","lor_Bv_4dB.avi","Female","VO","2","2019.26",1,-1,1,0,"Correct"
"D,9,EB","D","9","EB","66","mik_Db_4dB.avi","Male","AV_M","4","-2414.56",0,-2,-2,-2,"Ella to fill"
"D,9,EB","D","9","EB","58","lor_Gb_4dB.avi","Female","AV_M","7","-2192.88",0,-2,-2,-2,"Ella to fill"
"D,9,EB","D","9","EB","68","mik_Dv_4dB.avi","Male","VO","7","-5956.04",0,-1,0,1,"Incorrect"
"D,9,EB","D","9","EB","69","mik_Ga_4dB.avi","Male","AO","7","2257.26",1,1,-1,-1,"Correct"
"D,9,EB","D","9","EB","53","lor_Da_4dB.avi","Female","AO","7","-1914.51",0,0,-1,-1,"Incorrect"
"D,9,EB","D","9","EB","55","lor_Dd_4dB.avi","Female","AV_C","7","-3155.81",0,0,0,-1,"Incorrect"
"D,9,EB","D","9","EB","59","lor_Gg_4dB.avi","Female","AV_C","7","2237.80",1,1,1,-1,"Correct"
"D,9,EB","D","9","EB","70","mik_Gb_4dB.avi","Male","AV_M","7","-2421.78",0,-2,-2,-2,"Ella to fill"
"D,9,EB","D","9","EB","51","lor_Bg_4dB.avi","Female","AV_M","7","-1990.41",0,-2,-2,-2,"Ella to fill"
"D,9,EB","D","9","EB","60","lor_Gv_4dB.avi","Female","VO","7","3114.65",1,-1,1,0,"Correct"
"D,9,EB","D","9","EB","63","mik_Bg_4dB.avi","Male","AV_M","2","-3953.97",0,-2,-2,-2,"Ella to fill"
"D,9,EB","D","9","EB","61","mik_Ba_4dB.avi","Male","AO","2","2239.70",1,1,-1,-1,"Correct"
"D,9,EB","D","9","EB","76","lor_Bv_4dB.avi","Female","VO","2","1812.79",1,-1,1,0,"Correct"
"D,9,EB","D","9","EB","75","lor_Bg_4dB.avi","Female","AV_M","7","-2271.33",0,-2,-2,-2,"Ella to fill"
"D,9,EB","D","9","EB","88","mik_Bv_4dB.avi","Male","VO","2","1762.62",1,-1,1,0,"Correct"
"D,9,EB","D","9","EB","87","mik_Bg_4dB.avi","Male","AV_M","2","-3364.19",0,-2,-2,-2,"Ella to fill"
"D,9,EB","D","9","EB","74","lor_Bb_4dB.avi","Female","AV_C","2","1877.47",1,1,1,-1,"Correct"
"D,9,EB","D","9","EB","95","mik_Gg_4dB.avi","Male","AV_C","7","2010.79",1,1,1,-1,"Correct"
"D,9,EB","D","9","EB","92","mik_Dv_4dB.avi","Male","VO","4","2299.30",1,-1,1,0,"Correct"
"D,9,EB","D","9","EB","83","lor_Gg_4dB.avi","Female","AV_C","7","1730.94",1,1,1,-1,"Correct"
"D,9,EB","D","9","EB","90","mik_Db_4dB.avi","Male","AV_M","4","-2329.89",0,-2,-2,-2,"Ella to fill"
"D,9,EB","D","9","EB","78","lor_Db_4dB.avi","Female","AV_M","7","-1830.54",0,-2,-2,-2,"Ella to fill"
"D,9,EB","D","9","EB","84","lor_Gv_4dB.avi","Female","VO","7","2419.18",1,-1,1,0,"Correct"
"D,9,EB","D","9","EB","89","mik_Da_4dB.avi","Male","AO","4","2042.14",1,1,-1,-1,"Correct"
"D,9,EB","D","9","EB","79","lor_Dd_4dB.avi","Female","AV_C","7","-2034.76",0,0,0,-1,"Incorrect"
"D,9,EB","D","9","EB","81","lor_Ga_4dB.avi","Female","AO","7","1872.74",1,1,-1,-1,"Correct"
"D,9,EB","D","9","EB","80","lor_Dv_4dB.avi","Female","VO","7","-1550.77",0,-1,0,1,"Incorrect"
"D,9,EB","D","9","EB","94","mik_Gb_4dB.avi","Male","AV_M","4","2650.97",1,-2,-2,-2,"Ella to fill"
"D,9,EB","D","9","EB","86","mik_Bb_4dB.avi","Male","AV_C","2","1603.31",1,1,1,-1,"Correct"
"D,9,EB","D","9","EB","85","mik_Ba_4dB.avi","Male","AO","2","1727.28",1,1,-1,-1,"Correct"
"D,9,EB","D","9","EB","93","mik_Ga_4dB.avi","Male","AO","7","2076.16",1,1,-1,-1,"Correct"
"D,9,EB","D","9","EB","77","lor_Da_4dB.avi","Female","AO","7","-2538.14",0,0,-1,-1,"Incorrect"
"D,9,EB","D","9","EB","91","mik_Dd_4dB.avi","Male","AV_C","4","1787.78",1,1,1,-1,"Correct"
"D,9,EB","D","9","EB","73","lor_Ba_4dB.avi","Female","AO","2","2220.38",1,1,-1,-1,"Correct"
"D,9,EB","D","9","EB","82","lor_Gb_4dB.avi","Female","AV_M","7","-2359.33",0,-2,-2,-2,"Ella to fill"
"D,9,EB","D","9","EB","96","mik_Gv_4dB.avi","Male","VO","7","4105.25",1,-1,1,0,"Correct"
"C,8,OH","C","8","OH","29","lor_Da.avi","Female","AO","4","3096.78",1,1,-1,-1,"Correct"
"C,8,OH","C","8","OH","26","lor_Bb.avi","Female","AV_C","2","2052.80",1,1,1,-1,"Correct"
"C,8,OH","C","8","OH","45","mik_Ga.avi","Male","AO","4","-2875.04",0,0,-1,-1,"Incorrect"
"C,8,OH","C","8","OH","36","lor_Gv.avi","Female","VO","2","-3832.67",0,-1,0,1,"Incorrect"
"C,8,OH","C","8","OH","31","lor_Dd.avi","Female","AV_C","4","2290.13",1,1,1,-1,"Correct"
"C,8,OH","C","8","OH","40","mik_Bv.avi","Male","VO","2","2463.11",1,-1,1,0,"Correct"
"C,8,OH","C","8","OH","30","lor_Db.avi","Female","AV_M","4","-2480.00",0,-2,-2,-2,"Ella to fill"
"C,8,OH","C","8","OH","35","lor_Gg.avi","Female","AV_C","7","2305.97",1,1,1,-1,"Correct"
"C,8,OH","C","8","OH","43","mik_Dd.avi","Male","AV_C","4","2111.18",1,1,1,-1,"Correct"
"C,8,OH","C","8","OH","46","mik_Gb.avi","Male","AV_M","7","-2556.43",0,-2,-2,-2,"Ella to fill"
"C,8,OH","C","8","OH","47","mik_Gg.avi","Male","AV_C","7","2266.36",1,1,1,-1,"Correct"
"C,8,OH","C","8","OH","39","mik_Bg.avi","Male","AV_M","2","-2280.93",0,-2,-2,-2,"Ella to fill"
"C,8,OH","C","8","OH","41","mik_Da.avi","Male","AO","4","2288.82",1,1,-1,-1,"Correct"
"C,8,OH","C","8","OH","38","mik_Bb.avi","Male","AV_C","2","2279.77",1,1,1,-1,"Correct"
"C,8,OH","C","8","OH","32","lor_Dv.avi","Female","VO","4","3977.03",1,-1,1,0,"Correct"
"C,8,OH","C","8","OH","28","lor_Bv.avi","Female","VO","2","2112.74",1,-1,1,0,"Correct"
"C,8,OH","C","8","OH","27","lor_Bg.avi","Female","AV_M","2","-2400.34",0,-2,-2,-2,"Ella to fill"
"C,8,OH","C","8","OH","25","lor_Ba.avi","Female","AO","2","2611.32",1,1,-1,-1,"Correct"
"C,8,OH","C","8","OH","42","mik_Db.avi","Male","AV_M","4","-2530.27",0,-2,-2,-2,"Ella to fill"
"C,8,OH","C","8","OH","48","mik_Gv.avi","Male","VO","4","-3543.89",0,-1,0,1,"Incorrect"
"C,8,OH","C","8","OH","34","lor_Gb.avi","Female","AV_M","7","-2294.16",0,-2,-2,-2,"Ella to fill"
"C,8,OH","C","8","OH","37","mik_Ba.avi","Male","AO","2","2390.93",1,1,-1,-1,"Correct"
"C,8,OH","C","8","OH","44","mik_Dv.avi","Male","VO","7","-3636.06",0,-1,0,1,"Incorrect"
"C,8,OH","C","8","OH","33","lor_Ga.avi","Female","AO","7","3214.87",1,1,-1,-1,"Correct"
"C,8,OH","C","8","OH","20","mik_Dv.avi","Male","VO","4","2620.42",1,-1,1,0,"Correct"
"C,8,OH","C","8","OH","22","mik_Gb.avi","Male","AV_M","7","-3245.03",0,-2,-2,-2,"Ella to fill"
"C,8,OH","C","8","OH","8","lor_Dv.avi","Female","VO","4","2549.70",1,-1,1,0,"Correct"
"C,8,OH","C","8","OH","7","lor_Dd.avi","Female","AV_C","4","2220.96",1,1,1,-1,"Correct"
"C,8,OH","C","8","OH","5","lor_Da.avi","Female","AO","4","2432.21",1,1,-1,-1,"Correct"
"C,8,OH","C","8","OH","2","lor_Bb.avi","Female","AV_C","2","2199.14",1,1,1,-1,"Correct"
"C,8,OH","C","8","OH","3","lor_Bg.avi","Female","AV_M","2","-2414.79",0,-2,-2,-2,"Ella to fill"
"C,8,OH","C","8","OH","11","lor_Gg.avi","Female","AV_C","7","2272.74",1,1,1,-1,"Correct"
"C,8,OH","C","8","OH","17","mik_Da.avi","Male","AO","4","2772.05",1,1,-1,-1,"Correct"
"C,8,OH","C","8","OH","13","mik_Ba.avi","Male","AO","2","2356.69",1,1,-1,-1,"Correct"
"C,8,OH","C","8","OH","1","lor_Ba.avi","Female","AO","2","3822.92",1,1,-1,-1,"Correct"
"C,8,OH","C","8","OH","18","mik_Db.avi","Male","AV_M","4","-2395.03",0,-2,-2,-2,"Ella to fill"
"C,8,OH","C","8","OH","4","lor_Bv.avi","Female","VO","2","2397.96",1,-1,1,0,"Correct"
"C,8,OH","C","8","OH","12","lor_Gv.avi","Female","VO","7","4357.90",1,-1,1,0,"Correct"
"C,8,OH","C","8","OH","23","mik_Gg.avi","Male","AV_C","7","2600.49",1,1,1,-1,"Correct"
"C,8,OH","C","8","OH","21","mik_Ga.avi","Male","AO","7","2605.74",1,1,-1,-1,"Correct"
"C,8,OH","C","8","OH","19","mik_Dd.avi","Male","AV_C","4","2177.98",1,1,1,-1,"Correct"
"C,8,OH","C","8","OH","15","mik_Bg.avi","Male","AV_M","2","-3311.90",0,-2,-2,-2,"Ella to fill"
"C,8,OH","C","8","OH","16","mik_Bv.avi","Male","VO","2","2007.49",1,-1,1,0,"Correct"
"C,8,OH","C","8","OH","10","lor_Gb.avi","Female","AV_M","7","-2842.40",0,-2,-2,-2,"Ella to fill"
"C,8,OH","C","8","OH","14","mik_Bb.avi","Male","AV_C","2","3664.04",1,1,1,-1,"Correct"
"C,8,OH","C","8","OH","6","lor_Db.avi","Female","AV_M","4","-2193.85",0,-2,-2,-2,"Ella to fill"
"C,8,OH","C","8","OH","9","lor_Ga.avi","Female","AO","7","2637.79",1,1,-1,-1,"Correct"
"C,8,OH","C","8","OH","24","mik_Gv.avi","Male","VO","4","-3715.73",0,-1,0,1,"Incorrect"
"C,8,OH","C","8","OH","65","mik_Da_4dB.avi","Male","AO","4","1993.69",1,1,-1,-1,"Correct"
"C,8,OH","C","8","OH","49","lor_Ba_4dB.avi","Female","AO","2","1867.97",1,1,-1,-1,"Correct"
"C,8,OH","C","8","OH","67","mik_Dd_4dB.avi","Male","AV_C","4","2200.21",1,1,1,-1,"Correct"
"C,8,OH","C","8","OH","59","lor_Gg_4dB.avi","Female","AV_C","4","-2049.16",0,0,0,-1,"Incorrect"
"C,8,OH","C","8","OH","61","mik_Ba_4dB.avi","Male","AO","2","2395.82",1,1,-1,-1,"Correct"
"C,8,OH","C","8","OH","62","mik_Bb_4dB.avi","Male","AV_C","2","2786.79",1,1,1,-1,"Correct"
"C,8,OH","C","8","OH","54","lor_Db_4dB.avi","Female","AV_M","4","-2188.44",0,-2,-2,-2,"Ella to fill"
"C,8,OH","C","8","OH","55","lor_Dd_4dB.avi","Female","AV_C","7","-1989.73",0,0,0,-1,"Incorrect"
"C,8,OH","C","8","OH","66","mik_Db_4dB.avi","Male","AV_M","4","-2250.34",0,-2,-2,-2,"Ella to fill"
"C,8,OH","C","8","OH","51","lor_Bg_4dB.avi","Female","AV_M","2","-2481.28",0,-2,-2,-2,"Ella to fill"
"C,8,OH","C","8","OH","69","mik_Ga_4dB.avi","Male","AO","4","-2440.26",0,0,-1,-1,"Incorrect"
"C,8,OH","C","8","OH","58","lor_Gb_4dB.avi","Female","AV_M","4","2286.91",1,-2,-2,-2,"Ella to fill"
"C,8,OH","C","8","OH","50","lor_Bb_4dB.avi","Female","AV_C","2","2441.89",1,1,1,-1,"Correct"
"C,8,OH","C","8","OH","63","mik_Bg_4dB.avi","Male","AV_M","7","-3391.09",0,-2,-2,-2,"Ella to fill"
"C,8,OH","C","8","OH","60","lor_Gv_4dB.avi","Female","VO","4","-3268.42",0,-1,0,1,"Incorrect"
"C,8,OH","C","8","OH","71","mik_Gg_4dB.avi","Male","AV_C","4","-3384.99",0,0,0,-1,"Incorrect"
"C,8,OH","C","8","OH","52","lor_Bv_4dB.avi","Female","VO","2","2079.86",1,-1,1,0,"Correct"
"C,8,OH","C","8","OH","56","lor_Dv_4dB.avi","Female","VO","4","2734.51",1,-1,1,0,"Correct"
"C,8,OH","C","8","OH","53","lor_Da_4dB.avi","Female","AO","4","2273.10",1,1,-1,-1,"Correct"
"C,8,OH","C","8","OH","57","lor_Ga_4dB.avi","Female","AO","7","2456.12",1,1,-1,-1,"Correct"
"C,8,OH","C","8","OH","72","mik_Gv_4dB.avi","Male","VO","4","-2051.44",0,-1,0,1,"Incorrect"
"C,8,OH","C","8","OH","64","mik_Bv_4dB.avi","Male","VO","2","1880.30",1,-1,1,0,"Correct"
"C,8,OH","C","8","OH","70","mik_Gb_4dB.avi","Male","AV_M","7","-3505.29",0,-2,-2,-2,"Ella to fill"
"C,8,OH","C","8","OH","68","mik_Dv_4dB.avi","Male","VO","4","2215.81",1,-1,1,0,"Correct"
"C,8,OH","C","8","OH","80","lor_Dv_4dB.avi","Female","VO","4","2634.81",1,-1,1,0,"Correct"
"C,8,OH","C","8","OH","86","mik_Bb_4dB.avi","Male","AV_C","2","1973.43",1,1,1,-1,"Correct"
"C,8,OH","C","8","OH","91","mik_Dd_4dB.avi","Male","AV_C","4","2527.41",1,1,1,-1,"Correct"
"C,8,OH","C","8","OH","92","mik_Dv_4dB.avi","Male","VO","4","2548.30",1,-1,1,0,"Correct"
"C,8,OH","C","8","OH","87","mik_Bg_4dB.avi","Male","AV_M","2","-2080.96",0,-2,-2,-2,"Ella to fill"
"C,8,OH","C","8","OH","76","lor_Bv_4dB.avi","Female","VO","2","2650.84",1,-1,1,0,"Correct"
"C,8,OH","C","8","OH","81","lor_Ga_4dB.avi","Female","AO","7","2741.82",1,1,-1,-1,"Correct"
"C,8,OH","C","8","OH","88","mik_Bv_4dB.avi","Male","VO","2","2551.16",1,-1,1,0,"Correct"
"C,8,OH","C","8","OH","82","lor_Gb_4dB.avi","Female","AV_M","7","-2472.43",0,-2,-2,-2,"Ella to fill"
"C,8,OH","C","8","OH","93","mik_Ga_4dB.avi","Male","AO","4","-3347.34",0,0,-1,-1,"Incorrect"
"C,8,OH","C","8","OH","83","lor_Gg_4dB.avi","Female","AV_C","7","2452.94",1,1,1,-1,"Correct"
"C,8,OH","C","8","OH","79","lor_Dd_4dB.avi","Female","AV_C","4","2450.90",1,1,1,-1,"Correct"
"C,8,OH","C","8","OH","95","mik_Gg_4dB.avi","Male","AV_C","4","-3019.53",0,0,0,-1,"Incorrect"
"C,8,OH","C","8","OH","85","mik_Ba_4dB.avi","Male","AO","2","2322.39",1,1,-1,-1,"Correct"
"C,8,OH","C","8","OH","75","lor_Bg_4dB.avi","Female","AV_M","2","-2862.00",0,-2,-2,-2,"Ella to fill"
"C,8,OH","C","8","OH","74","lor_Bb_4dB.avi","Female","AV_C","2","2200.98",1,1,1,-1,"Correct"
"C,8,OH","C","8","OH","96","mik_Gv_4dB.avi","Male","VO","4","-2536.97",0,-1,0,1,"Incorrect"
"C,8,OH","C","8","OH","90","mik_Db_4dB.avi","Male","AV_M","4","-2415.86",0,-2,-2,-2,"Ella to fill"
"C,8,OH","C","8","OH","84","lor_Gv_4dB.avi","Female","VO","2","-2682.51",0,-1,0,1,"Incorrect"
"C,8,OH","C","8","OH","94","mik_Gb_4dB.avi","Male","AV_M","4","2953.62",1,-2,-2,-2,"Ella to fill"
"C,8,OH","C","8","OH","73","lor_Ba_4dB.avi","Female","AO","2","2662.19",1,1,-1,-1,"Correct"
"C,8,OH","C","8","OH","89","mik_Da_4dB.avi","Male","AO","4","3782.69",1,1,-1,-1,"Correct"
"C,8,OH","C","8","OH","77","lor_Da_4dB.avi","Female","AO","4","2114.11",1,1,-1,-1,"Correct"
"C,8,OH","C","8","OH","78","lor_Db_4dB.avi","Female","AV_M","4","-2423.80",0,-2,-2,-2,"Ella to fill"
"C,6,BS","C","6","BS","42","mik_Db.avi","Male","AV_M","2","3605.40",1,-2,-2,-2,"Ella to fill"
"C,6,BS","C","6","BS","46","mik_Gb.avi","Male","AV_M","7","-4372.53",0,-2,-2,-2,"Ella to fill"
"C,6,BS","C","6","BS","28","lor_Bv.avi","Female","VO","2","5497.02",1,-1,1,0,"Correct"
"C,6,BS","C","6","BS","45","mik_Ga.avi","Male","AO","7","5118.95",1,1,-1,-1,"Correct"
"C,6,BS","C","6","BS","41","mik_Da.avi","Male","AO","4","3460.76",1,1,-1,-1,"Correct"
"C,6,BS","C","6","BS","31","lor_Dd.avi","Female","AV_C","4","3455.21",1,1,1,-1,"Correct"
"C,6,BS","C","6","BS","29","lor_Da.avi","Female","AO","4","2708.10",1,1,-1,-1,"Correct"
"C,6,BS","C","6","BS","43","mik_Dd.avi","Male","AV_C","4","2364.03",1,1,1,-1,"Correct"
"C,6,BS","C","6","BS","39","mik_Bg.avi","Male","AV_M","2","-2310.62",0,-2,-2,-2,"Ella to fill"
"C,6,BS","C","6","BS","26","lor_Bb.avi","Female","AV_C","2","2711.49",1,1,1,-1,"Correct"
"C,6,BS","C","6","BS","32","lor_Dv.avi","Female","VO","7","-4667.47",0,-1,0,1,"Incorrect"
"C,6,BS","C","6","BS","27","lor_Bg.avi","Female","AV_M","2","-2968.65",0,-2,-2,-2,"Ella to fill"
"C,6,BS","C","6","BS","34","lor_Gb.avi","Female","AV_M","7","-3296.17",0,-2,-2,-2,"Ella to fill"
"C,6,BS","C","6","BS","44","mik_Dv.avi","Male","VO","4","3258.79",1,-1,1,0,"Correct"
"C,6,BS","C","6","BS","36","lor_Gv.avi","Female","VO",,"No Responses.",0,-1,0,1,"Incorrect"
"C,6,BS","C","6","BS","35","lor_Gg.avi","Female","AV_C","7","2739.70",1,1,1,-1,"Correct"
"C,6,BS","C","6","BS","38","mik_Bb.avi","Male","AV_C","2","2183.35",1,1,1,-1,"Correct"
"C,6,BS","C","6","BS","33","lor_Ga.avi","Female","AO","7","2755.94",1,1,-1,-1,"Correct"
"C,6,BS","C","6","BS","37","mik_Ba.avi","Male","AO","2","2360.91",1,1,-1,-1,"Correct"
"C,6,BS","C","6","BS","47","mik_Gg.avi","Male","AV_C","7","2446.50",1,1,1,-1,"Correct"
"C,6,BS","C","6","BS","25","lor_Ba.avi","Female","AO","2","3169.09",1,1,-1,-1,"Correct"
"C,6,BS","C","6","BS","40","mik_Bv.avi","Male","VO","2","2672.35",1,-1,1,0,"Correct"
"C,6,BS","C","6","BS","48","mik_Gv.avi","Male","VO","7","3002.24",1,-1,1,0,"Correct"
"C,6,BS","C","6","BS","30","lor_Db.avi","Female","AV_M","4","-2630.52",0,-2,-2,-2,"Ella to fill"
"C,6,BS","C","6","BS","8","lor_Dv.avi","Female","VO","7","-3199.45",0,-1,0,1,"Incorrect"
"C,6,BS","C","6","BS","11","lor_Gg.avi","Female","AV_C","7","2161.11",1,1,1,-1,"Correct"
"C,6,BS","C","6","BS","5","lor_Da.avi","Female","AO","4","2336.33",1,1,-1,-1,"Correct"
"C,6,BS","C","6","BS","2","lor_Bb.avi","Female","AV_C","2","2087.96",1,1,1,-1,"Correct"
"C,6,BS","C","6","BS","10","lor_Gb.avi","Female","AV_M","7","-2681.85",0,-2,-2,-2,"Ella to fill"
"C,6,BS","C","6","BS","12","lor_Gv.avi","Female","VO","2","-4975.84",0,-1,0,1,"Incorrect"
"C,6,BS","C","6","BS","3","lor_Bg.avi","Female","AV_M","2","-2519.61",0,-2,-2,-2,"Ella to fill"
"C,6,BS","C","6","BS","1","lor_Ba.avi","Female","AO","2","2853.23",1,1,-1,-1,"Correct"
"C,6,BS","C","6","BS","4","lor_Bv.avi","Female","VO","2","2536.87",1,-1,1,0,"Correct"
"C,6,BS","C","6","BS","22","mik_Gb.avi","Male","AV_M","7","-2714.80",0,-2,-2,-2,"Ella to fill"
"C,6,BS","C","6","BS","19","mik_Dd.avi","Male","AV_C","4","2361.41",1,1,1,-1,"Correct"
"C,6,BS","C","6","BS","14","mik_Bb.avi","Male","AV_C","2","2479.68",1,1,1,-1,"Correct"
"C,6,BS","C","6","BS","9","lor_Ga.avi","Female","AO","7","2580.26",1,1,-1,-1,"Correct"
"C,6,BS","C","6","BS","18","mik_Db.avi","Male","AV_M","4","-2315.92",0,-2,-2,-2,"Ella to fill"
"C,6,BS","C","6","BS","23","mik_Gg.avi","Male","AV_C","7","2302.89",1,1,1,-1,"Correct"
"C,6,BS","C","6","BS","24","mik_Gv.avi","Male","VO","7","2787.42",1,-1,1,0,"Correct"
"C,6,BS","C","6","BS","20","mik_Dv.avi","Male","VO","4","2721.67",1,-1,1,0,"Correct"
"C,6,BS","C","6","BS","21","mik_Ga.avi","Male","AO","7","2881.58",1,1,-1,-1,"Correct"
"C,6,BS","C","6","BS","6","lor_Db.avi","Female","AV_M","7","-2753.88",0,-2,-2,-2,"Ella to fill"
"C,6,BS","C","6","BS","17","mik_Da.avi","Male","AO","4","3855.16",1,1,-1,-1,"Correct"
"C,6,BS","C","6","BS","15","mik_Bg.avi","Male","AV_M","2","-2314.55",0,-2,-2,-2,"Ella to fill"
"C,6,BS","C","6","BS","13","mik_Ba.avi","Male","AO","2","2118.49",1,1,-1,-1,"Correct"
"C,6,BS","C","6","BS","7","lor_Dd.avi","Female","AV_C","4","2603.36",1,1,1,-1,"Correct"
"C,6,BS","C","6","BS","16","mik_Bv.avi","Male","VO","4","-5135.28",0,-1,0,1,"Incorrect"
"C,6,BS","C","6","BS","78","lor_Db_4dB.avi","Female","AV_M","4","-2358.32",0,-2,-2,-2,"Ella to fill"
"C,6,BS","C","6","BS","91","mik_Dd_4dB.avi","Male","AV_C","4","2407.28",1,1,1,-1,"Correct"
"C,6,BS","C","6","BS","83","lor_Gg_4dB.avi","Female","AV_C","7","1933.85",1,1,1,-1,"Correct"
"C,6,BS","C","6","BS","76","lor_Bv_4dB.avi","Female","VO","2","4371.51",1,-1,1,0,"Correct"
"C,6,BS","C","6","BS","89","mik_Da_4dB.avi","Male","AO","4","3326.44",1,1,-1,-1,"Correct"
"C,6,BS","C","6","BS","75","lor_Bg_4dB.avi","Female","AV_M","2","-3354.95",0,-2,-2,-2,"Ella to fill"
"C,6,BS","C","6","BS","80","lor_Dv_4dB.avi","Female","VO","7","-3432.82",0,-1,0,1,"Incorrect"
"C,6,BS","C","6","BS","87","mik_Bg_4dB.avi","Male","AV_M","2","-2749.22",0,-2,-2,-2,"Ella to fill"
"C,6,BS","C","6","BS","86","mik_Bb_4dB.avi","Male","AV_C","2","2325.06",1,1,1,-1,"Correct"
"C,6,BS","C","6","BS","79","lor_Dd_4dB.avi","Female","AV_C","4","2463.16",1,1,1,-1,"Correct"
"C,6,BS","C","6","BS","94","mik_Gb_4dB.avi","Male","AV_M","4","2913.75",1,-2,-2,-2,"Ella to fill"
"C,6,BS","C","6","BS","81","lor_Ga_4dB.avi","Female","AO","4","-2363.49",0,0,-1,-1,"Incorrect"
"C,6,BS","C","6","BS","93","mik_Ga_4dB.avi","Male","AO","4","-2537.66",0,0,-1,-1,"Incorrect"
"C,6,BS","C","6","BS","95","mik_Gg_4dB.avi","Male","AV_C","4","-2367.50",0,0,0,-1,"Incorrect"
"C,6,BS","C","6","BS","74","lor_Bb_4dB.avi","Female","AV_C","2","2245.28",1,1,1,-1,"Correct"
"C,6,BS","C","6","BS","77","lor_Da_4dB.avi","Female","AO","4","4241.54",1,1,-1,-1,"Correct"
"C,6,BS","C","6","BS","82","lor_Gb_4dB.avi","Female","AV_M","7","-2599.84",0,-2,-2,-2,"Ella to fill"
"C,6,BS","C","6","BS","73","lor_Ba_4dB.avi","Female","AO","2","3143.82",1,1,-1,-1,"Correct"
"C,6,BS","C","6","BS","84","lor_Gv_4dB.avi","Female","VO","7","3934.73",1,-1,1,0,"Correct"
"C,6,BS","C","6","BS","92","mik_Dv_4dB.avi","Male","VO","7","-2718.13",0,-1,0,1,"Incorrect"
"C,6,BS","C","6","BS","96","mik_Gv_4dB.avi","Male","VO","7","2163.05",1,-1,1,0,"Correct"
"C,6,BS","C","6","BS","85","mik_Ba_4dB.avi","Male","AO","2","2260.01",1,1,-1,-1,"Correct"
"C,6,BS","C","6","BS","90","mik_Db_4dB.avi","Male","AV_M","4","-2503.95",0,-2,-2,-2,"Ella to fill"
"C,6,BS","C","6","BS","88","mik_Bv_4dB.avi","Male","VO","2","2677.56",1,-1,1,0,"Correct"
"C,6,BS","C","6","BS","55","lor_Dd_4dB.avi","Female","AV_C","4","2837.74",1,1,1,-1,"Correct"
"C,6,BS","C","6","BS","67","mik_Dd_4dB.avi","Male","AV_C","4","2349.43",1,1,1,-1,"Correct"
"C,6,BS","C","6","BS","50","lor_Bb_4dB.avi","Female","AV_C","2","1907.73",1,1,1,-1,"Correct"
"C,6,BS","C","6","BS","59","lor_Gg_4dB.avi","Female","AV_C","7","2196.01",1,1,1,-1,"Correct"
"C,6,BS","C","6","BS","64","mik_Bv_4dB.avi","Male","VO","2","2430.65",1,-1,1,0,"Correct"
"C,6,BS","C","6","BS","52","lor_Bv_4dB.avi","Female","VO","2","1998.93",1,-1,1,0,"Correct"
"C,6,BS","C","6","BS","53","lor_Da_4dB.avi","Female","AO","4","2633.91",1,1,-1,-1,"Correct"
"C,6,BS","C","6","BS","72","mik_Gv_4dB.avi","Male","VO","4","-3503.92",0,-1,0,1,"Incorrect"
"C,6,BS","C","6","BS","71","mik_Gg_4dB.avi","Male","AV_C","4","-2190.48",0,0,0,-1,"Incorrect"
"C,6,BS","C","6","BS","60","lor_Gv_4dB.avi","Female","VO","7","4001.64",1,-1,1,0,"Correct"
"C,6,BS","C","6","BS","65","mik_Da_4dB.avi","Male","AO","4","2778.36",1,1,-1,-1,"Correct"
"C,6,BS","C","6","BS","49","lor_Ba_4dB.avi","Female","AO","2","3263.29",1,1,-1,-1,"Correct"
"C,6,BS","C","6","BS","68","mik_Dv_4dB.avi","Male","VO","7","-3566.54",0,-1,0,1,"Incorrect"
"C,6,BS","C","6","BS","56","lor_Dv_4dB.avi","Female","VO","4","3524.54",1,-1,1,0,"Correct"
"C,6,BS","C","6","BS","58","lor_Gb_4dB.avi","Female","AV_M","7","-2899.34",0,-2,-2,-2,"Ella to fill"
"C,6,BS","C","6","BS","63","mik_Bg_4dB.avi","Male","AV_M","2","-3505.17",0,-2,-2,-2,"Ella to fill"
"C,6,BS","C","6","BS","57","lor_Ga_4dB.avi","Female","AO","4","-4195.04",0,0,-1,-1,"Incorrect"
"C,6,BS","C","6","BS","62","mik_Bb_4dB.avi","Male","AV_C","2","2283.18",1,1,1,-1,"Correct"
"C,6,BS","C","6","BS","54","lor_Db_4dB.avi","Female","AV_M","4","-2685.98",0,-2,-2,-2,"Ella to fill"
"C,6,BS","C","6","BS","70","mik_Gb_4dB.avi","Male","AV_M","7","-3632.25",0,-2,-2,-2,"Ella to fill"
"C,6,BS","C","6","BS","69","mik_Ga_4dB.avi","Male","AO","4","-3777.46",0,0,-1,-1,"Incorrect"
"C,6,BS","C","6","BS","51","lor_Bg_4dB.avi","Female","AV_M","2","-2934.87",0,-2,-2,-2,"Ella to fill"
"C,6,BS","C","6","BS","66","mik_Db_4dB.avi","Male","AV_M","4","-2794.49",0,-2,-2,-2,"Ella to fill"
"C,6,BS","C","6","BS","61","mik_Ba_4dB.avi","Male","AO","2","2332.40",1,1,-1,-1,"Correct"
"D,15,VC","D","15","VC","20","mik_Dv.avi","Male","VO","7","-3755.85",0,-1,0,1,"Incorrect"
"D,15,VC","D","15","VC","5","lor_Da.avi","Female","AO","7","-2591.62",0,0,-1,-1,"Incorrect"
"D,15,VC","D","15","VC","21","mik_Ga.avi","Male","AO","7","2413.56",1,1,-1,-1,"Correct"
"D,15,VC","D","15","VC","7","lor_Dd.avi","Female","AV_C","7","-1989.88",0,0,0,-1,"Incorrect"
"D,15,VC","D","15","VC","1","lor_Ba.avi","Female","AO","2","2360.47",1,1,-1,-1,"Correct"
"D,15,VC","D","15","VC","8","lor_Dv.avi","Female","VO","2","-2641.38",0,-1,0,1,"Incorrect"
"D,15,VC","D","15","VC","9","lor_Ga.avi","Female","AO","7","2512.38",1,1,-1,-1,"Correct"
"D,15,VC","D","15","VC","14","mik_Bb.avi","Male","AV_C","2","2307.01",1,1,1,-1,"Correct"
"D,15,VC","D","15","VC","13","mik_Ba.avi","Male","AO","2","2494.96",1,1,-1,-1,"Correct"
"D,15,VC","D","15","VC","12","lor_Gv.avi","Female","VO","2","-3156.55",0,-1,0,1,"Incorrect"
"D,15,VC","D","15","VC","10","lor_Gb.avi","Female","AV_M","7","-2492.18",0,-2,-2,-2,"Ella to fill"
"D,15,VC","D","15","VC","3","lor_Bg.avi","Female","AV_M","2","-2369.14",0,-2,-2,-2,"Ella to fill"
"D,15,VC","D","15","VC","11","lor_Gg.avi","Female","AV_C","7","2331.42",1,1,1,-1,"Correct"
"D,15,VC","D","15","VC","6","lor_Db.avi","Female","AV_M","7","-2083.90",0,-2,-2,-2,"Ella to fill"
"D,15,VC","D","15","VC","17","mik_Da.avi","Male","AO","7","-2318.76",0,0,-1,-1,"Incorrect"
"D,15,VC","D","15","VC","19","mik_Dd.avi","Male","AV_C","7","-1922.63",0,0,0,-1,"Incorrect"
"D,15,VC","D","15","VC","22","mik_Gb.avi","Male","AV_M","7","-2366.88",0,-2,-2,-2,"Ella to fill"
"D,15,VC","D","15","VC","2","lor_Bb.avi","Female","AV_C","2","1811.51",1,1,1,-1,"Correct"
"D,15,VC","D","15","VC","24","mik_Gv.avi","Male","VO","7","3019.10",1,-1,1,0,"Correct"
"D,15,VC","D","15","VC","4","lor_Bv.avi","Female","VO","2","2666.92",1,-1,1,0,"Correct"
"D,15,VC","D","15","VC","23","mik_Gg.avi","Male","AV_C","7","2057.91",1,1,1,-1,"Correct"
"D,15,VC","D","15","VC","16","mik_Bv.avi","Male","VO","2","2441.78",1,-1,1,0,"Correct"
"D,15,VC","D","15","VC","15","mik_Bg.avi","Male","AV_M","2","-2241.40",0,-2,-2,-2,"Ella to fill"
"D,15,VC","D","15","VC","18","mik_Db.avi","Male","AV_M","7","-1935.63",0,-2,-2,-2,"Ella to fill"
"D,15,VC","D","15","VC","32","lor_Dv.avi","Female","VO","7","-2481.24",0,-1,0,1,"Incorrect"
"D,15,VC","D","15","VC","43","mik_Dd.avi","Male","AV_C","7","-1755.53",0,0,0,-1,"Incorrect"
"D,15,VC","D","15","VC","27","lor_Bg.avi","Female","AV_M","2","-2116.84",0,-2,-2,-2,"Ella to fill"
"D,15,VC","D","15","VC","39","mik_Bg.avi","Male","AV_M","2","-1892.79",0,-2,-2,-2,"Ella to fill"
"D,15,VC","D","15","VC","26","lor_Bb.avi","Female","AV_C","2","2084.99",1,1,1,-1,"Correct"
"D,15,VC","D","15","VC","44","mik_Dv.avi","Male","VO","2","-2268.98",0,-1,0,1,"Incorrect"
"D,15,VC","D","15","VC","41","mik_Da.avi","Male","AO","7","-2422.90",0,0,-1,-1,"Incorrect"
"D,15,VC","D","15","VC","38","mik_Bb.avi","Male","AV_C","2","1742.55",1,1,1,-1,"Correct"
"D,15,VC","D","15","VC","47","mik_Gg.avi","Male","AV_C","7","2509.12",1,1,1,-1,"Correct"
"D,15,VC","D","15","VC","42","mik_Db.avi","Male","AV_M","7","-1816.65",0,-2,-2,-2,"Ella to fill"
"D,15,VC","D","15","VC","35","lor_Gg.avi","Female","AV_C","7","1982.97",1,1,1,-1,"Correct"
"D,15,VC","D","15","VC","29","lor_Da.avi","Female","AO","7","-1831.92",0,0,-1,-1,"Incorrect"
"D,15,VC","D","15","VC","40","mik_Bv.avi","Male","VO","7","-2179.18",0,-1,0,1,"Incorrect"
"D,15,VC","D","15","VC","33","lor_Ga.avi","Female","AO","7","1946.13",1,1,-1,-1,"Correct"
"D,15,VC","D","15","VC","31","lor_Dd.avi","Female","AV_C","7","-2096.76",0,0,0,-1,"Incorrect"
"D,15,VC","D","15","VC","30","lor_Db.avi","Female","AV_M","7","-1953.06",0,-2,-2,-2,"Ella to fill"
"D,15,VC","D","15","VC","36","lor_Gv.avi","Female","VO","7","2447.98",1,-1,1,0,"Correct"
"D,15,VC","D","15","VC","48","mik_Gv.avi","Male","VO","7","2046.29",1,-1,1,0,"Correct"
"D,15,VC","D","15","VC","45","mik_Ga.avi","Male","AO","7","2206.87",1,1,-1,-1,"Correct"
"D,15,VC","D","15","VC","46","mik_Gb.avi","Male","AV_M","7","-1840.81",0,-2,-2,-2,"Ella to fill"
"D,15,VC","D","15","VC","28","lor_Bv.avi","Female","VO","7","-2194.17",0,-1,0,1,"Incorrect"
"D,15,VC","D","15","VC","34","lor_Gb.avi","Female","AV_M","7","-1799.69",0,-2,-2,-2,"Ella to fill"
"D,15,VC","D","15","VC","25","lor_Ba.avi","Female","AO","2","1870.65",1,1,-1,-1,"Correct"
"D,15,VC","D","15","VC","37","mik_Ba.avi","Male","AO","2","1727.97",1,1,-1,-1,"Correct"
"D,15,VC","D","15","VC","74","lor_Bb_4dB.avi","Female","AV_C","2","2215.88",1,1,1,-1,"Correct"
"D,15,VC","D","15","VC","96","mik_Gv_4dB.avi","Male","VO","4","-3280.50",0,-1,0,1,"Incorrect"
"D,15,VC","D","15","VC","89","mik_Da_4dB.avi","Male","AO","7","-2640.44",0,0,-1,-1,"Incorrect"
"D,15,VC","D","15","VC","78","lor_Db_4dB.avi","Female","AV_M","7","-2662.39",0,-2,-2,-2,"Ella to fill"
"D,15,VC","D","15","VC","90","mik_Db_4dB.avi","Male","AV_M","7","-2516.68",0,-2,-2,-2,"Ella to fill"
"D,15,VC","D","15","VC","91","mik_Dd_4dB.avi","Male","AV_C","7","-2422.33",0,0,0,-1,"Incorrect"
"D,15,VC","D","15","VC","73","lor_Ba_4dB.avi","Female","AO","2","2127.26",1,1,-1,-1,"Correct"
"D,15,VC","D","15","VC","77","lor_Da_4dB.avi","Female","AO","7","-2537.89",0,0,-1,-1,"Incorrect"
"D,15,VC","D","15","VC","92","mik_Dv_4dB.avi","Male","VO","4","3257.83",1,-1,1,0,"Correct"
"D,15,VC","D","15","VC","76","lor_Bv_4dB.avi","Female","VO","2","2419.80",1,-1,1,0,"Correct"
"D,15,VC","D","15","VC","88","mik_Bv_4dB.avi","Male","VO","2","2499.09",1,-1,1,0,"Correct"
"D,15,VC","D","15","VC","81","lor_Ga_4dB.avi","Female","AO","7","2132.38",1,1,-1,-1,"Correct"
"D,15,VC","D","15","VC","86","mik_Bb_4dB.avi","Male","AV_C","2","2427.03",1,1,1,-1,"Correct"
"D,15,VC","D","15","VC","94","mik_Gb_4dB.avi","Male","AV_M","7","-2229.59",0,-2,-2,-2,"Ella to fill"
"D,15,VC","D","15","VC","80","lor_Dv_4dB.avi","Female","VO","2","-3015.17",0,-1,0,1,"Incorrect"
"D,15,VC","D","15","VC","75","lor_Bg_4dB.avi","Female","AV_M","2","-2103.89",0,-2,-2,-2,"Ella to fill"
"D,15,VC","D","15","VC","84","lor_Gv_4dB.avi","Female","VO","7","3296.82",1,-1,1,0,"Correct"
"D,15,VC","D","15","VC","93","mik_Ga_4dB.avi","Male","AO","7","2478.74",1,1,-1,-1,"Correct"
"D,15,VC","D","15","VC","83","lor_Gg_4dB.avi","Female","AV_C","7","2619.40",1,1,1,-1,"Correct"
"D,15,VC","D","15","VC","87","mik_Bg_4dB.avi","Male","AV_M","2","-2498.01",0,-2,-2,-2,"Ella to fill"
"D,15,VC","D","15","VC","85","mik_Ba_4dB.avi","Male","AO","2","2440.26",1,1,-1,-1,"Correct"
"D,15,VC","D","15","VC","95","mik_Gg_4dB.avi","Male","AV_C","7","2193.58",1,1,1,-1,"Correct"
"D,15,VC","D","15","VC","82","lor_Gb_4dB.avi","Female","AV_M","7","-2152.42",0,-2,-2,-2,"Ella to fill"
"D,15,VC","D","15","VC","79","lor_Dd_4dB.avi","Female","AV_C","7","-2549.06",0,0,0,-1,"Incorrect"
"D,15,VC","D","15","VC","54","lor_Db_4dB.avi","Female","AV_M","7","-2009.20",0,-2,-2,-2,"Ella to fill"
"D,15,VC","D","15","VC","69","mik_Ga_4dB.avi","Male","AO","7","2522.82",1,1,-1,-1,"Correct"
"D,15,VC","D","15","VC","60","lor_Gv_4dB.avi","Female","VO","2","-2446.44",0,-1,0,1,"Incorrect"
"D,15,VC","D","15","VC","53","lor_Da_4dB.avi","Female","AO","7","-2075.41",0,0,-1,-1,"Incorrect"
"D,15,VC","D","15","VC","55","lor_Dd_4dB.avi","Female","AV_C","7","-1789.72",0,0,0,-1,"Incorrect"
"D,15,VC","D","15","VC","61","mik_Ba_4dB.avi","Male","AO","2","2468.03",1,1,-1,-1,"Correct"
"D,15,VC","D","15","VC","68","mik_Dv_4dB.avi","Male","VO","7","-2039.64",0,-1,0,1,"Incorrect"
"D,15,VC","D","15","VC","52","lor_Bv_4dB.avi","Female","VO","2","2155.25",1,-1,1,0,"Correct"
"D,15,VC","D","15","VC","49","lor_Ba_4dB.avi","Female","AO","2","1926.56",1,1,-1,-1,"Correct"
"D,15,VC","D","15","VC","62","mik_Bb_4dB.avi","Male","AV_C","2","1747.54",1,1,1,-1,"Correct"
"D,15,VC","D","15","VC","51","lor_Bg_4dB.avi","Female","AV_M","2","-2448.81",0,-2,-2,-2,"Ella to fill"
"D,15,VC","D","15","VC","58","lor_Gb_4dB.avi","Female","AV_M","7","-1947.45",0,-2,-2,-2,"Ella to fill"
"D,15,VC","D","15","VC","66","mik_Db_4dB.avi","Male","AV_M","7","-2185.78",0,-2,-2,-2,"Ella to fill"
"D,15,VC","D","15","VC","72","mik_Gv_4dB.avi","Male","VO","2","-3288.05",0,-1,0,1,"Incorrect"
"D,15,VC","D","15","VC","56","lor_Dv_4dB.avi","Female","VO","7","-2665.29",0,-1,0,1,"Incorrect"
"D,15,VC","D","15","VC","63","mik_Bg_4dB.avi","Male","AV_M","7","-3631.93",0,-2,-2,-2,"Ella to fill"
"D,15,VC","D","15","VC","70","mik_Gb_4dB.avi","Male","AV_M","7","-1956.44",0,-2,-2,-2,"Ella to fill"
"D,15,VC","D","15","VC","59","lor_Gg_4dB.avi","Female","AV_C","7","2099.05",1,1,1,-1,"Correct"
"D,15,VC","D","15","VC","64","mik_Bv_4dB.avi","Male","VO","2","3649.01",1,-1,1,0,"Correct"
"D,15,VC","D","15","VC","57","lor_Ga_4dB.avi","Female","AO","7","2383.17",1,1,-1,-1,"Correct"
"D,15,VC","D","15","VC","50","lor_Bb_4dB.avi","Female","AV_C","7","-2107.11",0,0,0,-1,"Incorrect"
"D,15,VC","D","15","VC","67","mik_Dd_4dB.avi","Male","AV_C","7","-2074.81",0,0,0,-1,"Incorrect"
"D,15,VC","D","15","VC","71","mik_Gg_4dB.avi","Male","AV_C","7","2534.74",1,1,1,-1,"Correct"
"D,15,VC","D","15","VC","65","mik_Da_4dB.avi","Male","AO","7","-1946.27",0,0,-1,-1,"Incorrect"
"D,12,JC","D","12","JC","7","lor_Dd.avi","Female","AV_C","4","1859.84",1,1,1,-1,"Correct"
"D,12,JC","D","12","JC","9","lor_Ga.avi","Female","AO","7","3084.44",1,1,-1,-1,"Correct"
"D,12,JC","D","12","JC","5","lor_Da.avi","Female","AO","4","2319.74",1,1,-1,-1,"Correct"
"D,12,JC","D","12","JC","20","mik_Dv.avi","Male","VO","4","3101.03",1,-1,1,0,"Correct"
"D,12,JC","D","12","JC","22","mik_Gb.avi","Male","AV_M","7","-2355.19",0,-2,-2,-2,"Ella to fill"
"D,12,JC","D","12","JC","4","lor_Bv.avi","Female","VO","2","3035.86",1,-1,1,0,"Correct"
"D,12,JC","D","12","JC","6","lor_Db.avi","Female","AV_M","4","-2452.85",0,-2,-2,-2,"Ella to fill"
"D,12,JC","D","12","JC","16","mik_Bv.avi","Male","VO","2","3600.75",1,-1,1,0,"Correct"
"D,12,JC","D","12","JC","17","mik_Da.avi","Male","AO","4","2314.27",1,1,-1,-1,"Correct"
"D,12,JC","D","12","JC","8","lor_Dv.avi","Female","VO","4","2855.56",1,-1,1,0,"Correct"
"D,12,JC","D","12","JC","10","lor_Gb.avi","Female","AV_M","7","-2268.83",0,-2,-2,-2,"Ella to fill"
"D,12,JC","D","12","JC","2","lor_Bb.avi","Female","AV_C","2","2452.47",1,1,1,-1,"Correct"
"D,12,JC","D","12","JC","24","mik_Gv.avi","Male","VO","4","-2620.03",0,-1,0,1,"Incorrect"
"D,12,JC","D","12","JC","1","lor_Ba.avi","Female","AO","2","2446.23",1,1,-1,-1,"Correct"
"D,12,JC","D","12","JC","21","mik_Ga.avi","Male","AO","7","2150.93",1,1,-1,-1,"Correct"
"D,12,JC","D","12","JC","15","mik_Bg.avi","Male","AV_M","2","-2726.86",0,-2,-2,-2,"Ella to fill"
"D,12,JC","D","12","JC","18","mik_Db.avi","Male","AV_M","4","-2129.40",0,-2,-2,-2,"Ella to fill"
"D,12,JC","D","12","JC","12","lor_Gv.avi","Female","VO","7","3816.67",1,-1,1,0,"Correct"
"D,12,JC","D","12","JC","14","mik_Bb.avi","Male","AV_C","2","2846.76",1,1,1,-1,"Correct"
"D,12,JC","D","12","JC","13","mik_Ba.avi","Male","AO","2","2324.72",1,1,-1,-1,"Correct"
"D,12,JC","D","12","JC","23","mik_Gg.avi","Male","AV_C","7","2217.32",1,1,1,-1,"Correct"
"D,12,JC","D","12","JC","19","mik_Dd.avi","Male","AV_C","4","2816.87",1,1,1,-1,"Correct"
"D,12,JC","D","12","JC","11","lor_Gg.avi","Female","AV_C","7","2837.12",1,1,1,-1,"Correct"
"D,12,JC","D","12","JC","3","lor_Bg.avi","Female","AV_M","2","-2464.75",0,-2,-2,-2,"Ella to fill"
"D,12,JC","D","12","JC","25","lor_Ba.avi","Female","AO","2","2549.95",1,1,-1,-1,"Correct"
"D,12,JC","D","12","JC","36","lor_Gv.avi","Female","VO","7","3407.96",1,-1,1,0,"Correct"
"D,12,JC","D","12","JC","47","mik_Gg.avi","Male","AV_C","7","3583.83",1,1,1,-1,"Correct"
"D,12,JC","D","12","JC","29","lor_Da.avi","Female","AO","4","2280.00",1,1,-1,-1,"Correct"
"D,12,JC","D","12","JC","35","lor_Gg.avi","Female","AV_C","2","-2414.97",0,0,0,-1,"Incorrect"
"D,12,JC","D","12","JC","48","mik_Gv.avi","Male","VO","7","2977.91",1,-1,1,0,"Correct"
"D,12,JC","D","12","JC","33","lor_Ga.avi","Female","AO","7","3084.14",1,1,-1,-1,"Correct"
"D,12,JC","D","12","JC","42","mik_Db.avi","Male","AV_M","4","-3199.07",0,-2,-2,-2,"Ella to fill"
"D,12,JC","D","12","JC","31","lor_Dd.avi","Female","AV_C","4","2098.70",1,1,1,-1,"Correct"
"D,12,JC","D","12","JC","28","lor_Bv.avi","Female","VO","2","3051.64",1,-1,1,0,"Correct"
"D,12,JC","D","12","JC","26","lor_Bb.avi","Female","AV_C","2","2236.23",1,1,1,-1,"Correct"
"D,12,JC","D","12","JC","39","mik_Bg.avi","Male","AV_M","2","-2715.84",0,-2,-2,-2,"Ella to fill"
"D,12,JC","D","12","JC","45","mik_Ga.avi","Male","AO","7","2352.12",1,1,-1,-1,"Correct"
"D,12,JC","D","12","JC","40","mik_Bv.avi","Male","VO","2","3797.02",1,-1,1,0,"Correct"
"D,12,JC","D","12","JC","30","lor_Db.avi","Female","AV_M","4","-2146.48",0,-2,-2,-2,"Ella to fill"
"D,12,JC","D","12","JC","41","mik_Da.avi","Male","AO","4","2415.09",1,1,-1,-1,"Correct"
"D,12,JC","D","12","JC","37","mik_Ba.avi","Male","AO","2","2749.99",1,1,-1,-1,"Correct"
"D,12,JC","D","12","JC","32","lor_Dv.avi","Female","VO","4","3710.63",1,-1,1,0,"Correct"
"D,12,JC","D","12","JC","44","mik_Dv.avi","Male","VO","4","4214.65",1,-1,1,0,"Correct"
"D,12,JC","D","12","JC","34","lor_Gb.avi","Female","AV_M","7","-2650.32",0,-2,-2,-2,"Ella to fill"
"D,12,JC","D","12","JC","27","lor_Bg.avi","Female","AV_M","2","-2318.97",0,-2,-2,-2,"Ella to fill"
"D,12,JC","D","12","JC","38","mik_Bb.avi","Male","AV_C","2","2545.90",1,1,1,-1,"Correct"
"D,12,JC","D","12","JC","46","mik_Gb.avi","Male","AV_M","7","-2279.84",0,-2,-2,-2,"Ella to fill"
"D,12,JC","D","12","JC","43","mik_Dd.avi","Male","AV_C","4","2261.13",1,1,1,-1,"Correct"
"D,12,JC","D","12","JC","75","lor_Bg_4dB.avi","Female","AV_M","7","-2175.23",0,-2,-2,-2,"Ella to fill"
"D,12,JC","D","12","JC","82","lor_Gb_4dB.avi","Female","AV_M","7","-2494.53",0,-2,-2,-2,"Ella to fill"
"D,12,JC","D","12","JC","91","mik_Dd_4dB.avi","Male","AV_C","4","2653.82",1,1,1,-1,"Correct"
"D,12,JC","D","12","JC","73","lor_Ba_4dB.avi","Female","AO","2","2301.77",1,1,-1,-1,"Correct"
"D,12,JC","D","12","JC","81","lor_Ga_4dB.avi","Female","AO","7","3302.70",1,1,-1,-1,"Correct"
"D,12,JC","D","12","JC","87","mik_Bg_4dB.avi","Male","AV_M","4","2865.60",1,-2,-2,-2,"Ella to fill"
"D,12,JC","D","12","JC","76","lor_Bv_4dB.avi","Female","VO",,"No Responses.",0,-1,0,1,"Incorrect"
"D,12,JC","D","12","JC","93","mik_Ga_4dB.avi","Male","AO","7","2417.59",1,1,-1,-1,"Correct"
"D,12,JC","D","12","JC","78","lor_Db_4dB.avi","Female","AV_M","7","-2114.91",0,-2,-2,-2,"Ella to fill"
"D,12,JC","D","12","JC","90","mik_Db_4dB.avi","Male","AV_M","4","-2271.51",0,-2,-2,-2,"Ella to fill"
"D,12,JC","D","12","JC","84","lor_Gv_4dB.avi","Female","VO","7","2912.75",1,-1,1,0,"Correct"
"D,12,JC","D","12","JC","94","mik_Gb_4dB.avi","Male","AV_M","7","-2175.42",0,-2,-2,-2,"Ella to fill"
"D,12,JC","D","12","JC","86","mik_Bb_4dB.avi","Male","AV_C","2","2220.03",1,1,1,-1,"Correct"
"D,12,JC","D","12","JC","96","mik_Gv_4dB.avi","Male","VO","4","-2060.00",0,-1,0,1,"Incorrect"
"D,12,JC","D","12","JC","88","mik_Bv_4dB.avi","Male","VO","2","3005.55",1,-1,1,0,"Correct"
"D,12,JC","D","12","JC","80","lor_Dv_4dB.avi","Female","VO","4","4052.89",1,-1,1,0,"Correct"
"D,12,JC","D","12","JC","89","mik_Da_4dB.avi","Male","AO","4","2594.96",1,1,-1,-1,"Correct"
"D,12,JC","D","12","JC","74","lor_Bb_4dB.avi","Female","AV_C","2","2730.43",1,1,1,-1,"Correct"
"D,12,JC","D","12","JC","83","lor_Gg_4dB.avi","Female","AV_C","7","2431.11",1,1,1,-1,"Correct"
"D,12,JC","D","12","JC","85","mik_Ba_4dB.avi","Male","AO","2","2524.08",1,1,-1,-1,"Correct"
"D,12,JC","D","12","JC","77","lor_Da_4dB.avi","Female","AO","7","-2138.34",0,0,-1,-1,"Incorrect"
"D,12,JC","D","12","JC","95","mik_Gg_4dB.avi","Male","AV_C","7","1968.64",1,1,1,-1,"Correct"
"D,12,JC","D","12","JC","92","mik_Dv_4dB.avi","Male","VO","4","3344.12",1,-1,1,0,"Correct"
"D,12,JC","D","12","JC","79","lor_Dd_4dB.avi","Female","AV_C","7","-2281.68",0,0,0,-1,"Incorrect"
"D,12,JC","D","12","JC","55","lor_Dd_4dB.avi","Female","AV_C","7","-3084.66",0,0,0,-1,"Incorrect"
"D,12,JC","D","12","JC","63","mik_Bg_4dB.avi","Male","AV_M","2","-3455.25",0,-2,-2,-2,"Ella to fill"
"D,12,JC","D","12","JC","62","mik_Bb_4dB.avi","Male","AV_C","2","2299.14",1,1,1,-1,"Correct"
"D,12,JC","D","12","JC","71","mik_Gg_4dB.avi","Male","AV_C","7","1908.72",1,1,1,-1,"Correct"
"D,12,JC","D","12","JC","68","mik_Dv_4dB.avi","Male","VO","4","3139.64",1,-1,1,0,"Correct"
"D,12,JC","D","12","JC","72","mik_Gv_4dB.avi","Male","VO","4","-3674.26",0,-1,0,1,"Incorrect"
"D,12,JC","D","12","JC","52","lor_Bv_4dB.avi","Female","VO","2","3471.40",1,-1,1,0,"Correct"
"D,12,JC","D","12","JC","54","lor_Db_4dB.avi","Female","AV_M","7","-2086.61",0,-2,-2,-2,"Ella to fill"
"D,12,JC","D","12","JC","56","lor_Dv_4dB.avi","Female","VO","7","-3494.55",0,-1,0,1,"Incorrect"
"D,12,JC","D","12","JC","60","lor_Gv_4dB.avi","Female","VO","2","-3922.09",0,-1,0,1,"Incorrect"
"D,12,JC","D","12","JC","61","mik_Ba_4dB.avi","Male","AO","2","4153.79",1,1,-1,-1,"Correct"
"D,12,JC","D","12","JC","66","mik_Db_4dB.avi","Male","AV_M","4","-2607.11",0,-2,-2,-2,"Ella to fill"
"D,12,JC","D","12","JC","49","lor_Ba_4dB.avi","Female","AO","2","3131.71",1,1,-1,-1,"Correct"
"D,12,JC","D","12","JC","64","mik_Bv_4dB.avi","Male","VO","2","3454.38",1,-1,1,0,"Correct"
"D,12,JC","D","12","JC","57","lor_Ga_4dB.avi","Female","AO","7","2316.23",1,1,-1,-1,"Correct"
"D,12,JC","D","12","JC","58","lor_Gb_4dB.avi","Female","AV_M","7","-2511.21",0,-2,-2,-2,"Ella to fill"
"D,12,JC","D","12","JC","65","mik_Da_4dB.avi","Male","AO","4","2014.85",1,1,-1,-1,"Correct"
"D,12,JC","D","12","JC","69","mik_Ga_4dB.avi","Male","AO","7","2623.44",1,1,-1,-1,"Correct"
"D,12,JC","D","12","JC","51","lor_Bg_4dB.avi","Female","AV_M","7","-3600.07",0,-2,-2,-2,"Ella to fill"
"D,12,JC","D","12","JC","59","lor_Gg_4dB.avi","Female","AV_C","7","2636.91",1,1,1,-1,"Correct"
"D,12,JC","D","12","JC","50","lor_Bb_4dB.avi","Female","AV_C","7","-3391.07",0,0,0,-1,"Incorrect"
"D,12,JC","D","12","JC","70","mik_Gb_4dB.avi","Male","AV_M","7","-2144.81",0,-2,-2,-2,"Ella to fill"
"D,12,JC","D","12","JC","67","mik_Dd_4dB.avi","Male","AV_C","4","2078.74",1,1,1,-1,"Correct"
"D,12,JC","D","12","JC","53","lor_Da_4dB.avi","Female","AO","4","2495.97",1,1,-1,-1,"Correct"
"D,11,GC","D","11","GC","10","lor_Gb.avi","Female","AV_M","7","-2787.07",0,-2,-2,-2,"Ella to fill"
"D,11,GC","D","11","GC","16","mik_Bv.avi","Male","VO","2","4191.65",1,-1,1,0,"Correct"
"D,11,GC","D","11","GC","4","lor_Bv.avi","Female","VO","4","-3027.65",0,-1,0,1,"Incorrect"
"D,11,GC","D","11","GC","1","lor_Ba.avi","Female","AO","2","2474.29",1,1,-1,-1,"Correct"
"D,11,GC","D","11","GC","5","lor_Da.avi","Female","AO","4","2326.91",1,1,-1,-1,"Correct"
"D,11,GC","D","11","GC","2","lor_Bb.avi","Female","AV_C","2","2293.20",1,1,1,-1,"Correct"
"D,11,GC","D","11","GC","21","mik_Ga.avi","Male","AO","4","-4237.79",0,0,-1,-1,"Incorrect"
"D,11,GC","D","11","GC","19","mik_Dd.avi","Male","AV_C","4","2298.09",1,1,1,-1,"Correct"
"D,11,GC","D","11","GC","6","lor_Db.avi","Female","AV_M","4","-2696.04",0,-2,-2,-2,"Ella to fill"
"D,11,GC","D","11","GC","3","lor_Bg.avi","Female","AV_M","2","-3102.99",0,-2,-2,-2,"Ella to fill"
"D,11,GC","D","11","GC","17","mik_Da.avi","Male","AO","4","2640.61",1,1,-1,-1,"Correct"
"D,11,GC","D","11","GC","24","mik_Gv.avi","Male","VO","7","4178.52",1,-1,1,0,"Correct"
"D,11,GC","D","11","GC","15","mik_Bg.avi","Male","AV_M","2","-3024.85",0,-2,-2,-2,"Ella to fill"
"D,11,GC","D","11","GC","8","lor_Dv.avi","Female","VO","4","3168.09",1,-1,1,0,"Correct"
"D,11,GC","D","11","GC","20","mik_Dv.avi","Male","VO","4","2518.62",1,-1,1,0,"Correct"
"D,11,GC","D","11","GC","11","lor_Gg.avi","Female","AV_C","7","2596.55",1,1,1,-1,"Correct"
"D,11,GC","D","11","GC","12","lor_Gv.avi","Female","VO","7","3168.18",1,-1,1,0,"Correct"
"D,11,GC","D","11","GC","13","mik_Ba.avi","Male","AO","2","2658.80",1,1,-1,-1,"Correct"
"D,11,GC","D","11","GC","23","mik_Gg.avi","Male","AV_C","4","-2156.40",0,0,0,-1,"Incorrect"
"D,11,GC","D","11","GC","9","lor_Ga.avi","Female","AO","7","2238.89",1,1,-1,-1,"Correct"
"D,11,GC","D","11","GC","22","mik_Gb.avi","Male","AV_M","4","2108.85",1,-2,-2,-2,"Ella to fill"
"D,11,GC","D","11","GC","7","lor_Dd.avi","Female","AV_C","4","2064.10",1,1,1,-1,"Correct"
"D,11,GC","D","11","GC","18","mik_Db.avi","Male","AV_M","4","-2451.06",0,-2,-2,-2,"Ella to fill"
"D,11,GC","D","11","GC","14","mik_Bb.avi","Male","AV_C","2","2178.33",1,1,1,-1,"Correct"
"D,11,GC","D","11","GC","25","lor_Ba.avi","Female","AO","2","2121.31",1,1,-1,-1,"Correct"
"D,11,GC","D","11","GC","45","mik_Ga.avi","Male","AO","4","-2332.98",0,0,-1,-1,"Incorrect"
"D,11,GC","D","11","GC","30","lor_Db.avi","Female","AV_M","4","-2444.57",0,-2,-2,-2,"Ella to fill"
"D,11,GC","D","11","GC","41","mik_Da.avi","Male","AO","4","2426.20",1,1,-1,-1,"Correct"
"D,11,GC","D","11","GC","40","mik_Bv.avi","Male","VO","2","2263.07",1,-1,1,0,"Correct"
"D,11,GC","D","11","GC","29","lor_Da.avi","Female","AO","4","2529.68",1,1,-1,-1,"Correct"
"D,11,GC","D","11","GC","28","lor_Bv.avi","Female","VO","2","2178.31",1,-1,1,0,"Correct"
"D,11,GC","D","11","GC","33","lor_Ga.avi","Female","AO","7","2627.95",1,1,-1,-1,"Correct"
"D,11,GC","D","11","GC","43","mik_Dd.avi","Male","AV_C","4","1985.92",1,1,1,-1,"Correct"
"D,11,GC","D","11","GC","37","mik_Ba.avi","Male","AO","2","2373.18",1,1,-1,-1,"Correct"
"D,11,GC","D","11","GC","35","lor_Gg.avi","Female","AV_C","7","2075.42",1,1,1,-1,"Correct"
"D,11,GC","D","11","GC","26","lor_Bb.avi","Female","AV_C","2","1981.70",1,1,1,-1,"Correct"
"D,11,GC","D","11","GC","32","lor_Dv.avi","Female","VO","7","-2306.68",0,-1,0,1,"Incorrect"
"D,11,GC","D","11","GC","31","lor_Dd.avi","Female","AV_C","4","2201.23",1,1,1,-1,"Correct"
"D,11,GC","D","11","GC","42","mik_Db.avi","Male","AV_M","4","-2035.07",0,-2,-2,-2,"Ella to fill"
"D,11,GC","D","11","GC","36","lor_Gv.avi","Female","VO","2","-2417.21",0,-1,0,1,"Incorrect"
"D,11,GC","D","11","GC","39","mik_Bg.avi","Male","AV_M","2","-1992.48",0,-2,-2,-2,"Ella to fill"
"D,11,GC","D","11","GC","38","mik_Bb.avi","Male","AV_C","2","2209.05",1,1,1,-1,"Correct"
"D,11,GC","D","11","GC","27","lor_Bg.avi","Female","AV_M","2","-2225.99",0,-2,-2,-2,"Ella to fill"
"D,11,GC","D","11","GC","48","mik_Gv.avi","Male","VO","4","-3109.93",0,-1,0,1,"Incorrect"
"D,11,GC","D","11","GC","46","mik_Gb.avi","Male","AV_M","4","2590.82",1,-2,-2,-2,"Ella to fill"
"D,11,GC","D","11","GC","44","mik_Dv.avi","Male","VO","2","-2717.07",0,-1,0,1,"Incorrect"
"D,11,GC","D","11","GC","47","mik_Gg.avi","Male","AV_C","4","-2454.69",0,0,0,-1,"Incorrect"
"D,11,GC","D","11","GC","34","lor_Gb.avi","Female","AV_M","7","-2792.90",0,-2,-2,-2,"Ella to fill"
"D,11,GC","D","11","GC","61","mik_Ba_4dB.avi","Male","AO","7","-2117.86",0,0,-1,-1,"Incorrect"
"D,11,GC","D","11","GC","71","mik_Gg_4dB.avi","Male","AV_C","4","-2268.50",0,0,0,-1,"Incorrect"
"D,11,GC","D","11","GC","58","lor_Gb_4dB.avi","Female","AV_M","7","-2566.37",0,-2,-2,-2,"Ella to fill"
"D,11,GC","D","11","GC","60","lor_Gv_4dB.avi","Female","VO","2","-3234.32",0,-1,0,1,"Incorrect"
"D,11,GC","D","11","GC","64","mik_Bv_4dB.avi","Male","VO","2","3579.61",1,-1,1,0,"Correct"
"D,11,GC","D","11","GC","65","mik_Da_4dB.avi","Male","AO","4","2558.13",1,1,-1,-1,"Correct"
"D,11,GC","D","11","GC","49","lor_Ba_4dB.avi","Female","AO","2","2924.74",1,1,-1,-1,"Correct"
"D,11,GC","D","11","GC","57","lor_Ga_4dB.avi","Female","AO","7","3508.65",1,1,-1,-1,"Correct"
"D,11,GC","D","11","GC","55","lor_Dd_4dB.avi","Female","AV_C","4","2202.58",1,1,1,-1,"Correct"
"D,11,GC","D","11","GC","50","lor_Bb_4dB.avi","Female","AV_C","2","2566.51",1,1,1,-1,"Correct"
"D,11,GC","D","11","GC","52","lor_Bv_4dB.avi","Female","VO","2","2533.80",1,-1,1,0,"Correct"
"D,11,GC","D","11","GC","69","mik_Ga_4dB.avi","Male","AO","4","-2482.79",0,0,-1,-1,"Incorrect"
"D,11,GC","D","11","GC","66","mik_Db_4dB.avi","Male","AV_M","4","-2011.75",0,-2,-2,-2,"Ella to fill"
"D,11,GC","D","11","GC","72","mik_Gv_4dB.avi","Male","VO","4","-2458.72",0,-1,0,1,"Incorrect"
"D,11,GC","D","11","GC","63","mik_Bg_4dB.avi","Male","AV_M","2","-2537.63",0,-2,-2,-2,"Ella to fill"
"D,11,GC","D","11","GC","67","mik_Dd_4dB.avi","Male","AV_C","4","2296.90",1,1,1,-1,"Correct"
"D,11,GC","D","11","GC","70","mik_Gb_4dB.avi","Male","AV_M","4","2162.81",1,-2,-2,-2,"Ella to fill"
"D,11,GC","D","11","GC","68","mik_Dv_4dB.avi","Male","VO","4","2483.04",1,-1,1,0,"Correct"
"D,11,GC","D","11","GC","53","lor_Da_4dB.avi","Female","AO","4","2017.03",1,1,-1,-1,"Correct"
"D,11,GC","D","11","GC","62","mik_Bb_4dB.avi","Male","AV_C","2","2019.03",1,1,1,-1,"Correct"
"D,11,GC","D","11","GC","59","lor_Gg_4dB.avi","Female","AV_C","7","2284.95",1,1,1,-1,"Correct"
"D,11,GC","D","11","GC","56","lor_Dv_4dB.avi","Female","VO","2","-3045.58",0,-1,0,1,"Incorrect"
"D,11,GC","D","11","GC","51","lor_Bg_4dB.avi","Female","AV_M","2","-2223.53",0,-2,-2,-2,"Ella to fill"
"D,11,GC","D","11","GC","54","lor_Db_4dB.avi","Female","AV_M","7","-2368.50",0,-2,-2,-2,"Ella to fill"
"D,11,GC","D","11","GC","90","mik_Db_4dB.avi","Male","AV_M","2","2568.90",1,-2,-2,-2,"Ella to fill"
"D,11,GC","D","11","GC","74","lor_Bb_4dB.avi","Female","AV_C","2","2269.53",1,1,1,-1,"Correct"
"D,11,GC","D","11","GC","93","mik_Ga_4dB.avi","Male","AO","4","-2761.17",0,0,-1,-1,"Incorrect"
"D,11,GC","D","11","GC","83","lor_Gg_4dB.avi","Female","AV_C","7","2595.80",1,1,1,-1,"Correct"
"D,11,GC","D","11","GC","80","lor_Dv_4dB.avi","Female","VO","2","-2701.42",0,-1,0,1,"Incorrect"
"D,11,GC","D","11","GC","79","lor_Dd_4dB.avi","Female","AV_C","4","2454.07",1,1,1,-1,"Correct"
"D,11,GC","D","11","GC","85","mik_Ba_4dB.avi","Male","AO","2","2575.37",1,1,-1,-1,"Correct"
"D,11,GC","D","11","GC","94","mik_Gb_4dB.avi","Male","AV_M","4","2304.99",1,-2,-2,-2,"Ella to fill"
"D,11,GC","D","11","GC","84","lor_Gv_4dB.avi","Female","VO","7","3360.85",1,-1,1,0,"Correct"
"D,11,GC","D","11","GC","78","lor_Db_4dB.avi","Female","AV_M","7","-2770.74",0,-2,-2,-2,"Ella to fill"
"D,11,GC","D","11","GC","89","mik_Da_4dB.avi","Male","AO","4","2667.07",1,1,-1,-1,"Correct"
"D,11,GC","D","11","GC","86","mik_Bb_4dB.avi","Male","AV_C","2","1908.73",1,1,1,-1,"Correct"
"D,11,GC","D","11","GC","75","lor_Bg_4dB.avi","Female","AV_M","2","-2320.32",0,-2,-2,-2,"Ella to fill"
"D,11,GC","D","11","GC","95","mik_Gg_4dB.avi","Male","AV_C","4","-2366.27",0,0,0,-1,"Incorrect"
"D,11,GC","D","11","GC","91","mik_Dd_4dB.avi","Male","AV_C","4","2213.44",1,1,1,-1,"Correct"
"D,11,GC","D","11","GC","82","lor_Gb_4dB.avi","Female","AV_M","7","-2333.73",0,-2,-2,-2,"Ella to fill"
"D,11,GC","D","11","GC","92","mik_Dv_4dB.avi","Male","VO","4","3167.69",1,-1,1,0,"Correct"
"D,11,GC","D","11","GC","81","lor_Ga_4dB.avi","Female","AO","7","2896.31",1,1,-1,-1,"Correct"
"D,11,GC","D","11","GC","87","mik_Bg_4dB.avi","Male","AV_M","2","-2350.97",0,-2,-2,-2,"Ella to fill"
"D,11,GC","D","11","GC","73","lor_Ba_4dB.avi","Female","AO","2","2509.88",1,1,-1,-1,"Correct"
"D,11,GC","D","11","GC","76","lor_Bv_4dB.avi","Female","VO","2","2441.52",1,-1,1,0,"Correct"
"D,11,GC","D","11","GC","88","mik_Bv_4dB.avi","Male","VO","2","2867.82",1,-1,1,0,"Correct"
"D,11,GC","D","11","GC","77","lor_Da_4dB.avi","Female","AO","4","1961.14",1,1,-1,-1,"Correct"
"D,11,GC","D","11","GC","96","mik_Gv_4dB.avi","Male","VO","4","-2263.73",0,-1,0,1,"Incorrect"
"D,10,SC","D","10","SC","43","mik_Dd.avi","Male","AV_C","4","2122.18",1,1,1,-1,"Correct"
"D,10,SC","D","10","SC","28","lor_Bv.avi","Female","VO","2","2062.43",1,-1,1,0,"Correct"
"D,10,SC","D","10","SC","37","mik_Ba.avi","Male","AO","2","2496.71",1,1,-1,-1,"Correct"
"D,10,SC","D","10","SC","48","mik_Gv.avi","Male","VO","7","4203.65",1,-1,1,0,"Correct"
"D,10,SC","D","10","SC","46","mik_Gb.avi","Male","AV_M","7","-2217.63",0,-2,-2,-2,"Ella to fill"
"D,10,SC","D","10","SC","39","mik_Bg.avi","Male","AV_M","2","-2341.25",0,-2,-2,-2,"Ella to fill"
"D,10,SC","D","10","SC","35","lor_Gg.avi","Female","AV_C","7","2104.46",1,1,1,-1,"Correct"
"D,10,SC","D","10","SC","29","lor_Da.avi","Female","AO","4","2883.12",1,1,-1,-1,"Correct"
"D,10,SC","D","10","SC","26","lor_Bb.avi","Female","AV_C","2","2040.03",1,1,1,-1,"Correct"
"D,10,SC","D","10","SC","34","lor_Gb.avi","Female","AV_M","7","-1816.32",0,-2,-2,-2,"Ella to fill"
"D,10,SC","D","10","SC","41","mik_Da.avi","Male","AO","4","2497.60",1,1,-1,-1,"Correct"
"D,10,SC","D","10","SC","32","lor_Dv.avi","Female","VO","2","-3974.50",0,-1,0,1,"Incorrect"
"D,10,SC","D","10","SC","31","lor_Dd.avi","Female","AV_C","4","2234.88",1,1,1,-1,"Correct"
"D,10,SC","D","10","SC","27","lor_Bg.avi","Female","AV_M","2","-2378.48",0,-2,-2,-2,"Ella to fill"
"D,10,SC","D","10","SC","38","mik_Bb.avi","Male","AV_C","2","2224.44",1,1,1,-1,"Correct"
"D,10,SC","D","10","SC","44","mik_Dv.avi","Male","VO","4","2701.02",1,-1,1,0,"Correct"
"D,10,SC","D","10","SC","33","lor_Ga.avi","Female","AO","7","2030.27",1,1,-1,-1,"Correct"
"D,10,SC","D","10","SC","30","lor_Db.avi","Female","AV_M","4","-2194.45",0,-2,-2,-2,"Ella to fill"
"D,10,SC","D","10","SC","47","mik_Gg.avi","Male","AV_C","7","2085.90",1,1,1,-1,"Correct"
"D,10,SC","D","10","SC","42","mik_Db.avi","Male","AV_M","4","-2384.45",0,-2,-2,-2,"Ella to fill"
"D,10,SC","D","10","SC","45","mik_Ga.avi","Male","AO","7","3690.35",1,1,-1,-1,"Correct"
"D,10,SC","D","10","SC","40","mik_Bv.avi","Male","VO","2","2219.19",1,-1,1,0,"Correct"
"D,10,SC","D","10","SC","25","lor_Ba.avi","Female","AO","2","2203.44",1,1,-1,-1,"Correct"
"D,10,SC","D","10","SC","36","lor_Gv.avi","Female","VO","7","3551.45",1,-1,1,0,"Correct"
"D,10,SC","D","10","SC","3","lor_Bg.avi","Female","AV_M","2","-1853.59",0,-2,-2,-2,"Ella to fill"
"D,10,SC","D","10","SC","4","lor_Bv.avi","Female","VO","2","1928.86",1,-1,1,0,"Correct"
"D,10,SC","D","10","SC","24","mik_Gv.avi","Male","VO","7","2295.16",1,-1,1,0,"Correct"
"D,10,SC","D","10","SC","13","mik_Ba.avi","Male","AO","2","2030.72",1,1,-1,-1,"Correct"
"D,10,SC","D","10","SC","19","mik_Dd.avi","Male","AV_C","4","2118.33",1,1,1,-1,"Correct"
"D,10,SC","D","10","SC","18","mik_Db.avi","Male","AV_M","4","-1869.94",0,-2,-2,-2,"Ella to fill"
"D,10,SC","D","10","SC","10","lor_Gb.avi","Female","AV_M","7","-1918.88",0,-2,-2,-2,"Ella to fill"
"D,10,SC","D","10","SC","14","mik_Bb.avi","Male","AV_C","2","1950.47",1,1,1,-1,"Correct"
"D,10,SC","D","10","SC","1","lor_Ba.avi","Female","AO","2","2296.73",1,1,-1,-1,"Correct"
"D,10,SC","D","10","SC","16","mik_Bv.avi","Male","VO","2","2804.05",1,-1,1,0,"Correct"
"D,10,SC","D","10","SC","9","lor_Ga.avi","Female","AO","7","2132.00",1,1,-1,-1,"Correct"
"D,10,SC","D","10","SC","15","mik_Bg.avi","Male","AV_M","2","-3691.92",0,-2,-2,-2,"Ella to fill"
"D,10,SC","D","10","SC","8","lor_Dv.avi","Female","VO","7","-2234.78",0,-1,0,1,"Incorrect"
"D,10,SC","D","10","SC","11","lor_Gg.avi","Female","AV_C","7","1989.04",1,1,1,-1,"Correct"
"D,10,SC","D","10","SC","2","lor_Bb.avi","Female","AV_C","2","2214.64",1,1,1,-1,"Correct"
"D,10,SC","D","10","SC","12","lor_Gv.avi","Female","VO","4","-3881.93",0,-1,0,1,"Incorrect"
"D,10,SC","D","10","SC","22","mik_Gb.avi","Male","AV_M","7","-2102.36",0,-2,-2,-2,"Ella to fill"
"D,10,SC","D","10","SC","21","mik_Ga.avi","Male","AO","7","2007.20",1,1,-1,-1,"Correct"
"D,10,SC","D","10","SC","7","lor_Dd.avi","Female","AV_C","4","2190.13",1,1,1,-1,"Correct"
"D,10,SC","D","10","SC","23","mik_Gg.avi","Male","AV_C","7","1941.45",1,1,1,-1,"Correct"
"D,10,SC","D","10","SC","6","lor_Db.avi","Female","AV_M","4","-2054.01",0,-2,-2,-2,"Ella to fill"
"D,10,SC","D","10","SC","17","mik_Da.avi","Male","AO","4","2197.29",1,1,-1,-1,"Correct"
"D,10,SC","D","10","SC","5","lor_Da.avi","Female","AO","4","2094.89",1,1,-1,-1,"Correct"
"D,10,SC","D","10","SC","20","mik_Dv.avi","Male","VO","4","4066.80",1,-1,1,0,"Correct"
"D,10,SC","D","10","SC","78","lor_Db_4dB.avi","Female","AV_M","7","-2069.51",0,-2,-2,-2,"Ella to fill"
"D,10,SC","D","10","SC","82","lor_Gb_4dB.avi","Female","AV_M","2","-3103.14",0,-2,-2,-2,"Ella to fill"
"D,10,SC","D","10","SC","85","mik_Ba_4dB.avi","Male","AO","2","2205.78",1,1,-1,-1,"Correct"
"D,10,SC","D","10","SC","88","mik_Bv_4dB.avi","Male","VO","2","3253.71",1,-1,1,0,"Correct"
"D,10,SC","D","10","SC","73","lor_Ba_4dB.avi","Female","AO","2","2250.32",1,1,-1,-1,"Correct"
"D,10,SC","D","10","SC","95","mik_Gg_4dB.avi","Male","AV_C","4","-2620.31",0,0,0,-1,"Incorrect"
"D,10,SC","D","10","SC","74","lor_Bb_4dB.avi","Female","AV_C","2","2229.50",1,1,1,-1,"Correct"
"D,10,SC","D","10","SC","94","mik_Gb_4dB.avi","Male","AV_M","7","-2079.17",0,-2,-2,-2,"Ella to fill"
"D,10,SC","D","10","SC","96","mik_Gv_4dB.avi","Male","VO","4","-4166.11",0,-1,0,1,"Incorrect"
"D,10,SC","D","10","SC","90","mik_Db_4dB.avi","Male","AV_M","4","-2673.78",0,-2,-2,-2,"Ella to fill"
"D,10,SC","D","10","SC","92","mik_Dv_4dB.avi","Male","VO","4","4282.79",1,-1,1,0,"Correct"
"D,10,SC","D","10","SC","76","lor_Bv_4dB.avi","Female","VO","2","3288.31",1,-1,1,0,"Correct"
"D,10,SC","D","10","SC","93","mik_Ga_4dB.avi","Male","AO","7","2140.62",1,1,-1,-1,"Correct"
"D,10,SC","D","10","SC","80","lor_Dv_4dB.avi","Female","VO","4","3405.22",1,-1,1,0,"Correct"
"D,10,SC","D","10","SC","83","lor_Gg_4dB.avi","Female","AV_C","7","3342.10",1,1,1,-1,"Correct"
"D,10,SC","D","10","SC","79","lor_Dd_4dB.avi","Female","AV_C","7","-2007.38",0,0,0,-1,"Incorrect"
"D,10,SC","D","10","SC","77","lor_Da_4dB.avi","Female","AO","7","-2664.30",0,0,-1,-1,"Incorrect"
"D,10,SC","D","10","SC","87","mik_Bg_4dB.avi","Male","AV_M","4","2777.62",1,-2,-2,-2,"Ella to fill"
"D,10,SC","D","10","SC","81","lor_Ga_4dB.avi","Female","AO","4","-2803.20",0,0,-1,-1,"Incorrect"
"D,10,SC","D","10","SC","75","lor_Bg_4dB.avi","Female","AV_M","7","-2197.48",0,-2,-2,-2,"Ella to fill"
"D,10,SC","D","10","SC","89","mik_Da_4dB.avi","Male","AO","4","2449.14",1,1,-1,-1,"Correct"
"D,10,SC","D","10","SC","91","mik_Dd_4dB.avi","Male","AV_C","4","2216.08",1,1,1,-1,"Correct"
"D,10,SC","D","10","SC","84","lor_Gv_4dB.avi","Female","VO","2","-4718.66",0,-1,0,1,"Incorrect"
"D,10,SC","D","10","SC","86","mik_Bb_4dB.avi","Male","AV_C",,"No Responses.",0,0,0,-1,"Incorrect"
"D,10,SC","D","10","SC","65","mik_Da_4dB.avi","Male","AO","4","2387.20",1,1,-1,-1,"Correct"
"D,10,SC","D","10","SC","57","lor_Ga_4dB.avi","Female","AO","7","2172.52",1,1,-1,-1,"Correct"
"D,10,SC","D","10","SC","51","lor_Bg_4dB.avi","Female","AV_M","7","-2138.50",0,-2,-2,-2,"Ella to fill"
"D,10,SC","D","10","SC","69","mik_Ga_4dB.avi","Male","AO","7","2346.78",1,1,-1,-1,"Correct"
"D,10,SC","D","10","SC","58","lor_Gb_4dB.avi","Female","AV_M","2","-2795.09",0,-2,-2,-2,"Ella to fill"
"D,10,SC","D","10","SC","62","mik_Bb_4dB.avi","Male","AV_C","2","2269.06",1,1,1,-1,"Correct"
"D,10,SC","D","10","SC","71","mik_Gg_4dB.avi","Male","AV_C","7","2544.34",1,1,1,-1,"Correct"
"D,10,SC","D","10","SC","66","mik_Db_4dB.avi","Male","AV_M","4","-2467.21",0,-2,-2,-2,"Ella to fill"
"D,10,SC","D","10","SC","59","lor_Gg_4dB.avi","Female","AV_C","7","2199.87",1,1,1,-1,"Correct"
"D,10,SC","D","10","SC","55","lor_Dd_4dB.avi","Female","AV_C","4","2467.81",1,1,1,-1,"Correct"
"D,10,SC","D","10","SC","72","mik_Gv_4dB.avi","Male","VO","2","-2352.13",0,-1,0,1,"Incorrect"
"D,10,SC","D","10","SC","60","lor_Gv_4dB.avi","Female","VO","7","3558.06",1,-1,1,0,"Correct"
"D,10,SC","D","10","SC","49","lor_Ba_4dB.avi","Female","AO","2","3207.52",1,1,-1,-1,"Correct"
"D,10,SC","D","10","SC","54","lor_Db_4dB.avi","Female","AV_M","7","-2148.10",0,-2,-2,-2,"Ella to fill"
"D,10,SC","D","10","SC","53","lor_Da_4dB.avi","Female","AO","7","-2142.76",0,0,-1,-1,"Incorrect"
"D,10,SC","D","10","SC","61","mik_Ba_4dB.avi","Male","AO","2","2070.05",1,1,-1,-1,"Correct"
"D,10,SC","D","10","SC","64","mik_Bv_4dB.avi","Male","VO","2","2383.98",1,-1,1,0,"Correct"
"D,10,SC","D","10","SC","63","mik_Bg_4dB.avi","Male","AV_M","7","-2611.95",0,-2,-2,-2,"Ella to fill"
"D,10,SC","D","10","SC","68","mik_Dv_4dB.avi","Male","VO","4","3636.11",1,-1,1,0,"Correct"
"D,10,SC","D","10","SC","70","mik_Gb_4dB.avi","Male","AV_M","7","-2276.62",0,-2,-2,-2,"Ella to fill"
"D,10,SC","D","10","SC","50","lor_Bb_4dB.avi","Female","AV_C","2","2189.24",1,1,1,-1,"Correct"
"D,10,SC","D","10","SC","67","mik_Dd_4dB.avi","Male","AV_C","4","2154.86",1,1,1,-1,"Correct"
"D,10,SC","D","10","SC","52","lor_Bv_4dB.avi","Female","VO","2","2024.15",1,-1,1,0,"Correct"
"D,10,SC","D","10","SC","56","lor_Dv_4dB.avi","Female","VO","7","-2528.68",0,-1,0,1,"Incorrect"
"D,14,AC","D","14","AC","8","lor_Dv.avi","Female","VO","2","-4127.23",0,-1,0,1,"Incorrect"
"D,14,AC","D","14","AC","18","mik_Db.avi","Male","AV_M","4","-3140.57",0,-2,-2,-2,"Ella to fill"
"D,14,AC","D","14","AC","7","lor_Dd.avi","Female","AV_C","4","2589.53",1,1,1,-1,"Correct"
"D,14,AC","D","14","AC","14","mik_Bb.avi","Male","AV_C","2","3470.47",1,1,1,-1,"Correct"
"D,14,AC","D","14","AC","20","mik_Dv.avi","Male","VO","4","3039.98",1,-1,1,0,"Correct"
"D,14,AC","D","14","AC","21","mik_Ga.avi","Male","AO","4","-2737.91",0,0,-1,-1,"Incorrect"
"D,14,AC","D","14","AC","15","mik_Bg.avi","Male","AV_M","2","-2263.52",0,-2,-2,-2,"Ella to fill"
"D,14,AC","D","14","AC","24","mik_Gv.avi","Male","VO","4","-2234.07",0,-1,0,1,"Incorrect"
"D,14,AC","D","14","AC","13","mik_Ba.avi","Male","AO","2","2653.64",1,1,-1,-1,"Correct"
"D,14,AC","D","14","AC","12","lor_Gv.avi","Female","VO","7","3090.88",1,-1,1,0,"Correct"
"D,14,AC","D","14","AC","23","mik_Gg.avi","Male","AV_C","7","2373.20",1,1,1,-1,"Correct"
"D,14,AC","D","14","AC","3","lor_Bg.avi","Female","AV_M","2","-2722.75",0,-2,-2,-2,"Ella to fill"
"D,14,AC","D","14","AC","10","lor_Gb.avi","Female","AV_M","7","-2590.64",0,-2,-2,-2,"Ella to fill"
"D,14,AC","D","14","AC","17","mik_Da.avi","Male","AO","4","2613.78",1,1,-1,-1,"Correct"
"D,14,AC","D","14","AC","19","mik_Dd.avi","Male","AV_C","4","2395.60",1,1,1,-1,"Correct"
"D,14,AC","D","14","AC","6","lor_Db.avi","Female","AV_M","4","-3398.51",0,-2,-2,-2,"Ella to fill"
"D,14,AC","D","14","AC","11","lor_Gg.avi","Female","AV_C","7","2142.43",1,1,1,-1,"Correct"
"D,14,AC","D","14","AC","16","mik_Bv.avi","Male","VO","2","2176.39",1,-1,1,0,"Correct"
"D,14,AC","D","14","AC","2","lor_Bb.avi","Female","AV_C","2","2089.66",1,1,1,-1,"Correct"
"D,14,AC","D","14","AC","9","lor_Ga.avi","Female","AO","7","2351.29",1,1,-1,-1,"Correct"
"D,14,AC","D","14","AC","4","lor_Bv.avi","Female","VO","2","2166.88",1,-1,1,0,"Correct"
"D,14,AC","D","14","AC","5","lor_Da.avi","Female","AO","4","2281.51",1,1,-1,-1,"Correct"
"D,14,AC","D","14","AC","22","mik_Gb.avi","Male","AV_M","7","-2500.51",0,-2,-2,-2,"Ella to fill"
"D,14,AC","D","14","AC","1","lor_Ba.avi","Female","AO","2","2710.07",1,1,-1,-1,"Correct"
"D,14,AC","D","14","AC","27","lor_Bg.avi","Female","AV_M","2","-2175.83",0,-2,-2,-2,"Ella to fill"
"D,14,AC","D","14","AC","39","mik_Bg.avi","Male","AV_M","2","-2114.15",0,-2,-2,-2,"Ella to fill"
"D,14,AC","D","14","AC","42","mik_Db.avi","Male","AV_M","4","-3334.04",0,-2,-2,-2,"Ella to fill"
"D,14,AC","D","14","AC","36","lor_Gv.avi","Female","VO","7","4844.70",1,-1,1,0,"Correct"
"D,14,AC","D","14","AC","45","mik_Ga.avi","Male","AO","7","2312.79",1,1,-1,-1,"Correct"
"D,14,AC","D","14","AC","32","lor_Dv.avi","Female","VO","4","2645.94",1,-1,1,0,"Correct"
"D,14,AC","D","14","AC","35","lor_Gg.avi","Female","AV_C","7","2168.60",1,1,1,-1,"Correct"
"D,14,AC","D","14","AC","25","lor_Ba.avi","Female","AO","2","2395.22",1,1,-1,-1,"Correct"
"D,14,AC","D","14","AC","34","lor_Gb.avi","Female","AV_M","7","-2092.54",0,-2,-2,-2,"Ella to fill"
"D,14,AC","D","14","AC","46","mik_Gb.avi","Male","AV_M","7","-2646.80",0,-2,-2,-2,"Ella to fill"
"D,14,AC","D","14","AC","29","lor_Da.avi","Female","AO","4","2653.15",1,1,-1,-1,"Correct"
"D,14,AC","D","14","AC","37","mik_Ba.avi","Male","AO","2","2213.37",1,1,-1,-1,"Correct"
"D,14,AC","D","14","AC","38","mik_Bb.avi","Male","AV_C","2","2126.68",1,1,1,-1,"Correct"
"D,14,AC","D","14","AC","43","mik_Dd.avi","Male","AV_C","4","2057.33",1,1,1,-1,"Correct"
"D,14,AC","D","14","AC","48","mik_Gv.avi","Male","VO","4","-4143.52",0,-1,0,1,"Incorrect"
"D,14,AC","D","14","AC","26","lor_Bb.avi","Female","AV_C","2","2243.91",1,1,1,-1,"Correct"
"D,14,AC","D","14","AC","44","mik_Dv.avi","Male","VO","4","2204.82",1,-1,1,0,"Correct"
"D,14,AC","D","14","AC","31","lor_Dd.avi","Female","AV_C","4","2086.38",1,1,1,-1,"Correct"
"D,14,AC","D","14","AC","28","lor_Bv.avi","Female","VO","2","2254.65",1,-1,1,0,"Correct"
"D,14,AC","D","14","AC","41","mik_Da.avi","Male","AO","4","2215.56",1,1,-1,-1,"Correct"
"D,14,AC","D","14","AC","47","mik_Gg.avi","Male","AV_C","7","2450.18",1,1,1,-1,"Correct"
"D,14,AC","D","14","AC","40","mik_Bv.avi","Male","VO","2","2423.75",1,-1,1,0,"Correct"
"D,14,AC","D","14","AC","30","lor_Db.avi","Female","AV_M","4","-2569.69",0,-2,-2,-2,"Ella to fill"
"D,14,AC","D","14","AC","33","lor_Ga.avi","Female","AO","7","2028.34",1,1,-1,-1,"Correct"
"D,14,AC","D","14","AC","50","lor_Bb_4dB.avi","Female","AV_C","2","1517.03",1,1,1,-1,"Correct"
"D,14,AC","D","14","AC","53","lor_Da_4dB.avi","Female","AO","4","1861.17",1,1,-1,-1,"Correct"
"D,14,AC","D","14","AC","70","mik_Gb_4dB.avi","Male","AV_M","7","-1958.29",0,-2,-2,-2,"Ella to fill"
"D,14,AC","D","14","AC","68","mik_Dv_4dB.avi","Male","VO","4","2104.84",1,-1,1,0,"Correct"
"D,14,AC","D","14","AC","71","mik_Gg_4dB.avi","Male","AV_C","7","1997.49",1,1,1,-1,"Correct"
"D,14,AC","D","14","AC","65","mik_Da_4dB.avi","Male","AO","4","2274.36",1,1,-1,-1,"Correct"
"D,14,AC","D","14","AC","52","lor_Bv_4dB.avi","Female","VO","2","2067.98",1,-1,1,0,"Correct"
"D,14,AC","D","14","AC","51","lor_Bg_4dB.avi","Female","AV_M","7","-2235.96",0,-2,-2,-2,"Ella to fill"
"D,14,AC","D","14","AC","61","mik_Ba_4dB.avi","Male","AO","2","2243.57",1,1,-1,-1,"Correct"
"D,14,AC","D","14","AC","63","mik_Bg_4dB.avi","Male","AV_M","2","-2319.55",0,-2,-2,-2,"Ella to fill"
"D,14,AC","D","14","AC","54","lor_Db_4dB.avi","Female","AV_M","7","-2109.40",0,-2,-2,-2,"Ella to fill"
"D,14,AC","D","14","AC","62","mik_Bb_4dB.avi","Male","AV_C","2","2242.40",1,1,1,-1,"Correct"
"D,14,AC","D","14","AC","55","lor_Dd_4dB.avi","Female","AV_C","4","2033.03",1,1,1,-1,"Correct"
"D,14,AC","D","14","AC","57","lor_Ga_4dB.avi","Female","AO","7","2070.28",1,1,-1,-1,"Correct"
"D,14,AC","D","14","AC","49","lor_Ba_4dB.avi","Female","AO","2","2038.97",1,1,-1,-1,"Correct"
"D,14,AC","D","14","AC","72","mik_Gv_4dB.avi","Male","VO","4","-2250.94",0,-1,0,1,"Incorrect"
"D,14,AC","D","14","AC","69","mik_Ga_4dB.avi","Male","AO","7","2088.78",1,1,-1,-1,"Correct"
"D,14,AC","D","14","AC","66","mik_Db_4dB.avi","Male","AV_M","4","-2188.75",0,-2,-2,-2,"Ella to fill"
"D,14,AC","D","14","AC","58","lor_Gb_4dB.avi","Female","AV_M","7","-2262.33",0,-2,-2,-2,"Ella to fill"
"D,14,AC","D","14","AC","59","lor_Gg_4dB.avi","Female","AV_C","7","2272.97",1,1,1,-1,"Correct"
"D,14,AC","D","14","AC","67","mik_Dd_4dB.avi","Male","AV_C","4","1903.25",1,1,1,-1,"Correct"
"D,14,AC","D","14","AC","56","lor_Dv_4dB.avi","Female","VO","4","2285.87",1,-1,1,0,"Correct"
"D,14,AC","D","14","AC","64","mik_Bv_4dB.avi","Male","VO","2","1878.17",1,-1,1,0,"Correct"
"D,14,AC","D","14","AC","60","lor_Gv_4dB.avi","Female","VO","7","2375.77",1,-1,1,0,"Correct"
"D,14,AC","D","14","AC","77","lor_Da_4dB.avi","Female","AO","7","-2032.18",0,0,-1,-1,"Incorrect"
"D,14,AC","D","14","AC","74","lor_Bb_4dB.avi","Female","AV_C","2","1791.52",1,1,1,-1,"Correct"
"D,14,AC","D","14","AC","75","lor_Bg_4dB.avi","Female","AV_M","7","-2010.15",0,-2,-2,-2,"Ella to fill"
"D,14,AC","D","14","AC","78","lor_Db_4dB.avi","Female","AV_M","7","-2127.80",0,-2,-2,-2,"Ella to fill"
"D,14,AC","D","14","AC","81","lor_Ga_4dB.avi","Female","AO","7","2077.76",1,1,-1,-1,"Correct"
"D,14,AC","D","14","AC","73","lor_Ba_4dB.avi","Female","AO","2","2340.41",1,1,-1,-1,"Correct"
"D,14,AC","D","14","AC","91","mik_Dd_4dB.avi","Male","AV_C","4","2385.31",1,1,1,-1,"Correct"
"D,14,AC","D","14","AC","76","lor_Bv_4dB.avi","Female","VO","2","2038.27",1,-1,1,0,"Correct"
"D,14,AC","D","14","AC","88","mik_Bv_4dB.avi","Male","VO","2","2219.90",1,-1,1,0,"Correct"
"D,14,AC","D","14","AC","90","mik_Db_4dB.avi","Male","AV_M","4","-2549.51",0,-2,-2,-2,"Ella to fill"
"D,14,AC","D","14","AC","85","mik_Ba_4dB.avi","Male","AO","2","2284.17",1,1,-1,-1,"Correct"
"D,14,AC","D","14","AC","79","lor_Dd_4dB.avi","Female","AV_C","4","2008.12",1,1,1,-1,"Correct"
"D,14,AC","D","14","AC","80","lor_Dv_4dB.avi","Female","VO","4","2674.41",1,-1,1,0,"Correct"
"D,14,AC","D","14","AC","96","mik_Gv_4dB.avi","Male","VO","4","-2056.39",0,-1,0,1,"Incorrect"
"D,14,AC","D","14","AC","92","mik_Dv_4dB.avi","Male","VO","4","1994.30",1,-1,1,0,"Correct"
"D,14,AC","D","14","AC","83","lor_Gg_4dB.avi","Female","AV_C","7","2038.93",1,1,1,-1,"Correct"
"D,14,AC","D","14","AC","82","lor_Gb_4dB.avi","Female","AV_M","7","-1967.49",0,-2,-2,-2,"Ella to fill"
"D,14,AC","D","14","AC","89","mik_Da_4dB.avi","Male","AO","4","2152.37",1,1,-1,-1,"Correct"
"D,14,AC","D","14","AC","86","mik_Bb_4dB.avi","Male","AV_C","2","2073.06",1,1,1,-1,"Correct"
"D,14,AC","D","14","AC","93","mik_Ga_4dB.avi","Male","AO","7","1979.03",1,1,-1,-1,"Correct"
"D,14,AC","D","14","AC","84","lor_Gv_4dB.avi","Female","VO","7","2231.64",1,-1,1,0,"Correct"
"D,14,AC","D","14","AC","95","mik_Gg_4dB.avi","Male","AV_C","7","2572.00",1,1,1,-1,"Correct"
"D,14,AC","D","14","AC","87","mik_Bg_4dB.avi","Male","AV_M","2","-2260.85",0,-2,-2,-2,"Ella to fill"
"D,14,AC","D","14","AC","94","mik_Gb_4dB.avi","Male","AV_M","7","-2239.39",0,-2,-2,-2,"Ella to fill"
"C,2,MC","C","2","MC","22","mik_Gb.avi","Male","AV_M","7","-2429.16",0,-2,-2,-2,"Ella to fill"
"C,2,MC","C","2","MC","6","lor_Db.avi","Female","AV_M","4","-2495.01",0,-2,-2,-2,"Ella to fill"
"C,2,MC","C","2","MC","19","mik_Dd.avi","Male","AV_C","4","2215.40",1,1,1,-1,"Correct"
"C,2,MC","C","2","MC","14","mik_Bb.avi","Male","AV_C","2","2016.35",1,1,1,-1,"Correct"
"C,2,MC","C","2","MC","11","lor_Gg.avi","Female","AV_C","7","2056.30",1,1,1,-1,"Correct"
"C,2,MC","C","2","MC","21","mik_Ga.avi","Male","AO","7","2299.52",1,1,-1,-1,"Correct"
"C,2,MC","C","2","MC","23","mik_Gg.avi","Male","AV_C","7","1878.20",1,1,1,-1,"Correct"
"C,2,MC","C","2","MC","3","lor_Bg.avi","Female","AV_M","2","-2642.73",0,-2,-2,-2,"Ella to fill"
"C,2,MC","C","2","MC","20","mik_Dv.avi","Male","VO","4","2102.37",1,-1,1,0,"Correct"
"C,2,MC","C","2","MC","9","lor_Ga.avi","Female","AO","7","2398.29",1,1,-1,-1,"Correct"
"C,2,MC","C","2","MC","4","lor_Bv.avi","Female","VO","2","2393.21",1,-1,1,0,"Correct"
"C,2,MC","C","2","MC","1","lor_Ba.avi","Female","AO","2","2344.21",1,1,-1,-1,"Correct"
"C,2,MC","C","2","MC","12","lor_Gv.avi","Female","VO","7","2572.80",1,-1,1,0,"Correct"
"C,2,MC","C","2","MC","24","mik_Gv.avi","Male","VO","4","-1836.06",0,-1,0,1,"Incorrect"
"C,2,MC","C","2","MC","17","mik_Da.avi","Male","AO","4","2605.29",1,1,-1,-1,"Correct"
"C,2,MC","C","2","MC","10","lor_Gb.avi","Female","AV_M","7","-2254.56",0,-2,-2,-2,"Ella to fill"
"C,2,MC","C","2","MC","8","lor_Dv.avi","Female","VO","7","-4333.14",0,-1,0,1,"Incorrect"
"C,2,MC","C","2","MC","16","mik_Bv.avi","Male","VO","2","2002.12",1,-1,1,0,"Correct"
"C,2,MC","C","2","MC","13","mik_Ba.avi","Male","AO","2","2344.71",1,1,-1,-1,"Correct"
"C,2,MC","C","2","MC","7","lor_Dd.avi","Female","AV_C","4","2151.63",1,1,1,-1,"Correct"
"C,2,MC","C","2","MC","15","mik_Bg.avi","Male","AV_M","2","-2240.93",0,-2,-2,-2,"Ella to fill"
"C,2,MC","C","2","MC","18","mik_Db.avi","Male","AV_M","4","-2118.49",0,-2,-2,-2,"Ella to fill"
"C,2,MC","C","2","MC","5","lor_Da.avi","Female","AO","4","2070.43",1,1,-1,-1,"Correct"
"C,2,MC","C","2","MC","2","lor_Bb.avi","Female","AV_C","2","2376.38",1,1,1,-1,"Correct"
"C,2,MC","C","2","MC","38","mik_Bb.avi","Male","AV_C","2","1992.42",1,1,1,-1,"Correct"
"C,2,MC","C","2","MC","45","mik_Ga.avi","Male","AO","7","2250.01",1,1,-1,-1,"Correct"
"C,2,MC","C","2","MC","29","lor_Da.avi","Female","AO","4","2547.97",1,1,-1,-1,"Correct"
"C,2,MC","C","2","MC","44","mik_Dv.avi","Male","VO","7","-2110.23",0,-1,0,1,"Incorrect"
"C,2,MC","C","2","MC","39","mik_Bg.avi","Male","AV_M","2","-2659.52",0,-2,-2,-2,"Ella to fill"
"C,2,MC","C","2","MC","43","mik_Dd.avi","Male","AV_C","4","1759.10",1,1,1,-1,"Correct"
"C,2,MC","C","2","MC","34","lor_Gb.avi","Female","AV_M","7","-1903.25",0,-2,-2,-2,"Ella to fill"
"C,2,MC","C","2","MC","27","lor_Bg.avi","Female","AV_M","2","-2395.73",0,-2,-2,-2,"Ella to fill"
"C,2,MC","C","2","MC","26","lor_Bb.avi","Female","AV_C","2","1828.90",1,1,1,-1,"Correct"
"C,2,MC","C","2","MC","31","lor_Dd.avi","Female","AV_C","4","1852.05",1,1,1,-1,"Correct"
"C,2,MC","C","2","MC","37","mik_Ba.avi","Male","AO","2","2222.52",1,1,-1,-1,"Correct"
"C,2,MC","C","2","MC","32","lor_Dv.avi","Female","VO","4","2131.43",1,-1,1,0,"Correct"
"C,2,MC","C","2","MC","33","lor_Ga.avi","Female","AO","7","2354.73",1,1,-1,-1,"Correct"
"C,2,MC","C","2","MC","46","mik_Gb.avi","Male","AV_M","7","-2900.38",0,-2,-2,-2,"Ella to fill"
"C,2,MC","C","2","MC","28","lor_Bv.avi","Female","VO","2","2668.94",1,-1,1,0,"Correct"
"C,2,MC","C","2","MC","30","lor_Db.avi","Female","AV_M","4","-2744.85",0,-2,-2,-2,"Ella to fill"
"C,2,MC","C","2","MC","47","mik_Gg.avi","Male","AV_C","7","2434.17",1,1,1,-1,"Correct"
"C,2,MC","C","2","MC","36","lor_Gv.avi","Female","VO","7","3139.07",1,-1,1,0,"Correct"
"C,2,MC","C","2","MC","48","mik_Gv.avi","Male","VO","4","-2313.42",0,-1,0,1,"Incorrect"
"C,2,MC","C","2","MC","40","mik_Bv.avi","Male","VO","2","1974.55",1,-1,1,0,"Correct"
"C,2,MC","C","2","MC","35","lor_Gg.avi","Female","AV_C","7","2186.20",1,1,1,-1,"Correct"
"C,2,MC","C","2","MC","42","mik_Db.avi","Male","AV_M","4","-1913.44",0,-2,-2,-2,"Ella to fill"
"C,2,MC","C","2","MC","41","mik_Da.avi","Male","AO","4","1998.04",1,1,-1,-1,"Correct"
"C,2,MC","C","2","MC","25","lor_Ba.avi","Female","AO","2","2336.69",1,1,-1,-1,"Correct"
"C,2,MC","C","2","MC","60","lor_Gv_4dB.avi","Female","VO","2","-1890.78",0,-1,0,1,"Incorrect"
"C,2,MC","C","2","MC","55","lor_Dd_4dB.avi","Female","AV_C","4","2369.76",1,1,1,-1,"Correct"
"C,2,MC","C","2","MC","58","lor_Gb_4dB.avi","Female","AV_M","7","-3171.73",0,-2,-2,-2,"Ella to fill"
"C,2,MC","C","2","MC","71","mik_Gg_4dB.avi","Male","AV_C","4","-1801.02",0,0,0,-1,"Incorrect"
"C,2,MC","C","2","MC","54","lor_Db_4dB.avi","Female","AV_M","7","-2161.18",0,-2,-2,-2,"Ella to fill"
"C,2,MC","C","2","MC","64","mik_Bv_4dB.avi","Male","VO","2","2309.12",1,-1,1,0,"Correct"
"C,2,MC","C","2","MC","70","mik_Gb_4dB.avi","Male","AV_M","4","2005.04",1,-2,-2,-2,"Ella to fill"
"C,2,MC","C","2","MC","72","mik_Gv_4dB.avi","Male","VO","7","1924.93",1,-1,1,0,"Correct"
"C,2,MC","C","2","MC","68","mik_Dv_4dB.avi","Male","VO","4","2584.88",1,-1,1,0,"Correct"
"C,2,MC","C","2","MC","50","lor_Bb_4dB.avi","Female","AV_C","2","1825.55",1,1,1,-1,"Correct"
"C,2,MC","C","2","MC","56","lor_Dv_4dB.avi","Female","VO","7","-2023.82",0,-1,0,1,"Incorrect"
"C,2,MC","C","2","MC","69","mik_Ga_4dB.avi","Male","AO","7","2736.13",1,1,-1,-1,"Correct"
"C,2,MC","C","2","MC","62","mik_Bb_4dB.avi","Male","AV_C","2","2048.38",1,1,1,-1,"Correct"
"C,2,MC","C","2","MC","59","lor_Gg_4dB.avi","Female","AV_C","7","2436.37",1,1,1,-1,"Correct"
"C,2,MC","C","2","MC","66","mik_Db_4dB.avi","Male","AV_M","4","-2704.01",0,-2,-2,-2,"Ella to fill"
"C,2,MC","C","2","MC","52","lor_Bv_4dB.avi","Female","VO","2","2535.60",1,-1,1,0,"Correct"
"C,2,MC","C","2","MC","51","lor_Bg_4dB.avi","Female","AV_M","7","-2016.56",0,-2,-2,-2,"Ella to fill"
"C,2,MC","C","2","MC","61","mik_Ba_4dB.avi","Male","AO","2","2249.22",1,1,-1,-1,"Correct"
"C,2,MC","C","2","MC","57","lor_Ga_4dB.avi","Female","AO","7","2276.20",1,1,-1,-1,"Correct"
"C,2,MC","C","2","MC","65","mik_Da_4dB.avi","Male","AO","4","2013.12",1,1,-1,-1,"Correct"
"C,2,MC","C","2","MC","49","lor_Ba_4dB.avi","Female","AO","7","-2105.77",0,0,-1,-1,"Incorrect"
"C,2,MC","C","2","MC","63","mik_Bg_4dB.avi","Male","AV_M","2","-2274.75",0,-2,-2,-2,"Ella to fill"
"C,2,MC","C","2","MC","67","mik_Dd_4dB.avi","Male","AV_C","4","2039.32",1,1,1,-1,"Correct"
"C,2,MC","C","2","MC","53","lor_Da_4dB.avi","Female","AO","4","1994.87",1,1,-1,-1,"Correct"
"C,2,MC","C","2","MC","80","lor_Dv_4dB.avi","Female","VO","7","-4354.04",0,-1,0,1,"Incorrect"
"C,2,MC","C","2","MC","79","lor_Dd_4dB.avi","Female","AV_C","4","1799.60",1,1,1,-1,"Correct"
"C,2,MC","C","2","MC","74","lor_Bb_4dB.avi","Female","AV_C","2","1836.27",1,1,1,-1,"Correct"
"C,2,MC","C","2","MC","73","lor_Ba_4dB.avi","Female","AO","2","1606.90",1,1,-1,-1,"Correct"
"C,2,MC","C","2","MC","94","mik_Gb_4dB.avi","Male","AV_M","4","2087.85",1,-2,-2,-2,"Ella to fill"
"C,2,MC","C","2","MC","76","lor_Bv_4dB.avi","Female","VO","2","4273.46",1,-1,1,0,"Correct"
"C,2,MC","C","2","MC","85","mik_Ba_4dB.avi","Male","AO","2","2105.44",1,1,-1,-1,"Correct"
"C,2,MC","C","2","MC","90","mik_Db_4dB.avi","Male","AV_M","2","3657.05",1,-2,-2,-2,"Ella to fill"
"C,2,MC","C","2","MC","86","mik_Bb_4dB.avi","Male","AV_C","2","2590.55",1,1,1,-1,"Correct"
"C,2,MC","C","2","MC","93","mik_Ga_4dB.avi","Male","AO","2","-2033.47",0,0,-1,-1,"Incorrect"
"C,2,MC","C","2","MC","95","mik_Gg_4dB.avi","Male","AV_C","4","-2145.13",0,0,0,-1,"Incorrect"
"C,2,MC","C","2","MC","96","mik_Gv_4dB.avi","Male","VO","4","-4633.62",0,-1,0,1,"Incorrect"
"C,2,MC","C","2","MC","81","lor_Ga_4dB.avi","Female","AO","7","2034.10",1,1,-1,-1,"Correct"
"C,2,MC","C","2","MC","78","lor_Db_4dB.avi","Female","AV_M","4","-2020.57",0,-2,-2,-2,"Ella to fill"
"C,2,MC","C","2","MC","84","lor_Gv_4dB.avi","Female","VO","7","2472.04",1,-1,1,0,"Correct"
"C,2,MC","C","2","MC","83","lor_Gg_4dB.avi","Female","AV_C","7","2036.86",1,1,1,-1,"Correct"
"C,2,MC","C","2","MC","75","lor_Bg_4dB.avi","Female","AV_M","7","-2027.02",0,-2,-2,-2,"Ella to fill"
"C,2,MC","C","2","MC","77","lor_Da_4dB.avi","Female","AO","7","-2024.49",0,0,-1,-1,"Incorrect"
"C,2,MC","C","2","MC","91","mik_Dd_4dB.avi","Male","AV_C","4","2289.66",1,1,1,-1,"Correct"
"C,2,MC","C","2","MC","88","mik_Bv_4dB.avi","Male","VO","2","2980.26",1,-1,1,0,"Correct"
"C,2,MC","C","2","MC","92","mik_Dv_4dB.avi","Male","VO","4","2064.22",1,-1,1,0,"Correct"
"C,2,MC","C","2","MC","87","mik_Bg_4dB.avi","Male","AV_M","2","-2116.78",0,-2,-2,-2,"Ella to fill"
"C,2,MC","C","2","MC","82","lor_Gb_4dB.avi","Female","AV_M","7","-2475.83",0,-2,-2,-2,"Ella to fill"
"C,2,MC","C","2","MC","89","mik_Da_4dB.avi","Male","AO","4","2180.61",1,1,-1,-1,"Correct"
"C,5,RT","C","5","RT","44","mik_Dv.avi","Male","VO","4","2605.21",1,-1,1,0,"Correct"
"C,5,RT","C","5","RT","25","lor_Ba.avi","Female","AO","2","2549.79",1,1,-1,-1,"Correct"
"C,5,RT","C","5","RT","37","mik_Ba.avi","Male","AO","2","2295.46",1,1,-1,-1,"Correct"
"C,5,RT","C","5","RT","31","lor_Dd.avi","Female","AV_C","4","2188.05",1,1,1,-1,"Correct"
"C,5,RT","C","5","RT","30","lor_Db.avi","Female","AV_M","4","-2690.67",0,-2,-2,-2,"Ella to fill"
"C,5,RT","C","5","RT","42","mik_Db.avi","Male","AV_M","4","-2781.94",0,-2,-2,-2,"Ella to fill"
"C,5,RT","C","5","RT","32","lor_Dv.avi","Female","VO","4","3208.88",1,-1,1,0,"Correct"
"C,5,RT","C","5","RT","47","mik_Gg.avi","Male","AV_C","4","-2477.18",0,0,0,-1,"Incorrect"
"C,5,RT","C","5","RT","40","mik_Bv.avi","Male","VO","2","2317.03",1,-1,1,0,"Correct"
"C,5,RT","C","5","RT","28","lor_Bv.avi","Female","VO","2","2931.65",1,-1,1,0,"Correct"
"C,5,RT","C","5","RT","29","lor_Da.avi","Female","AO","4","2665.26",1,1,-1,-1,"Correct"
"C,5,RT","C","5","RT","27","lor_Bg.avi","Female","AV_M","2","-2709.89",0,-2,-2,-2,"Ella to fill"
"C,5,RT","C","5","RT","35","lor_Gg.avi","Female","AV_C","7","2137.21",1,1,1,-1,"Correct"
"C,5,RT","C","5","RT","36","lor_Gv.avi","Female","VO","4","-3351.69",0,-1,0,1,"Incorrect"
"C,5,RT","C","5","RT","34","lor_Gb.avi","Female","AV_M","7","-1990.71",0,-2,-2,-2,"Ella to fill"
"C,5,RT","C","5","RT","38","mik_Bb.avi","Male","AV_C","2","1875.30",1,1,1,-1,"Correct"
"C,5,RT","C","5","RT","26","lor_Bb.avi","Female","AV_C","2","2040.90",1,1,1,-1,"Correct"
"C,5,RT","C","5","RT","46","mik_Gb.avi","Male","AV_M","7","-2393.85",0,-2,-2,-2,"Ella to fill"
"C,5,RT","C","5","RT","45","mik_Ga.avi","Male","AO","7","2174.47",1,1,-1,-1,"Correct"
"C,5,RT","C","5","RT","41","mik_Da.avi","Male","AO","4","2589.39",1,1,-1,-1,"Correct"
"C,5,RT","C","5","RT","33","lor_Ga.avi","Female","AO","7","2413.95",1,1,-1,-1,"Correct"
"C,5,RT","C","5","RT","39","mik_Bg.avi","Male","AV_M","2","-2203.49",0,-2,-2,-2,"Ella to fill"
"C,5,RT","C","5","RT","43","mik_Dd.avi","Male","AV_C","4","2393.63",1,1,1,-1,"Correct"
"C,5,RT","C","5","RT","48","mik_Gv.avi","Male","VO","4","-2566.09",0,-1,0,1,"Incorrect"
"C,5,RT","C","5","RT","2","lor_Bb.avi","Female","AV_C","2","2133.78",1,1,1,-1,"Correct"
"C,5,RT","C","5","RT","16","mik_Bv.avi","Male","VO","2","2257.65",1,-1,1,0,"Correct"
"C,5,RT","C","5","RT","9","lor_Ga.avi","Female","AO","7","2006.95",1,1,-1,-1,"Correct"
"C,5,RT","C","5","RT","12","lor_Gv.avi","Female","VO","4","-3793.82",0,-1,0,1,"Incorrect"
"C,5,RT","C","5","RT","6","lor_Db.avi","Female","AV_M","4","-2277.93",0,-2,-2,-2,"Ella to fill"
"C,5,RT","C","5","RT","13","mik_Ba.avi","Male","AO","2","2116.21",1,1,-1,-1,"Correct"
"C,5,RT","C","5","RT","17","mik_Da.avi","Male","AO","4","2117.52",1,1,-1,-1,"Correct"
"C,5,RT","C","5","RT","4","lor_Bv.avi","Female","VO","2","2027.99",1,-1,1,0,"Correct"
"C,5,RT","C","5","RT","20","mik_Dv.avi","Male","VO","4","2134.07",1,-1,1,0,"Correct"
"C,5,RT","C","5","RT","3","lor_Bg.avi","Female","AV_M","2","-2176.66",0,-2,-2,-2,"Ella to fill"
"C,5,RT","C","5","RT","22","mik_Gb.avi","Male","AV_M","7","-2228.98",0,-2,-2,-2,"Ella to fill"
"C,5,RT","C","5","RT","19","mik_Dd.avi","Male","AV_C","2","-2193.91",0,0,0,-1,"Incorrect"
"C,5,RT","C","5","RT","8","lor_Dv.avi","Female","VO","4","2438.85",1,-1,1,0,"Correct"
"C,5,RT","C","5","RT","1","lor_Ba.avi","Female","AO","2","2379.15",1,1,-1,-1,"Correct"
"C,5,RT","C","5","RT","7","lor_Dd.avi","Female","AV_C","4","2267.80",1,1,1,-1,"Correct"
"C,5,RT","C","5","RT","24","mik_Gv.avi","Male","VO","7","1841.08",1,-1,1,0,"Correct"
"C,5,RT","C","5","RT","23","mik_Gg.avi","Male","AV_C","7","2161.30",1,1,1,-1,"Correct"
"C,5,RT","C","5","RT","11","lor_Gg.avi","Female","AV_C","7","1981.82",1,1,1,-1,"Correct"
"C,5,RT","C","5","RT","15","mik_Bg.avi","Male","AV_M","2","-2172.82",0,-2,-2,-2,"Ella to fill"
"C,5,RT","C","5","RT","10","lor_Gb.avi","Female","AV_M","7","-2200.02",0,-2,-2,-2,"Ella to fill"
"C,5,RT","C","5","RT","5","lor_Da.avi","Female","AO","4","2657.27",1,1,-1,-1,"Correct"
"C,5,RT","C","5","RT","18","mik_Db.avi","Male","AV_M","4","-2147.23",0,-2,-2,-2,"Ella to fill"
"C,5,RT","C","5","RT","14","mik_Bb.avi","Male","AV_C","2","1864.23",1,1,1,-1,"Correct"
"C,5,RT","C","5","RT","21","mik_Ga.avi","Male","AO","7","2565.80",1,1,-1,-1,"Correct"
"C,5,RT","C","5","RT","59","lor_Gg_4dB.avi","Female","AV_C","7","2185.87",1,1,1,-1,"Correct"
"C,5,RT","C","5","RT","57","lor_Ga_4dB.avi","Female","AO","7","2158.50",1,1,-1,-1,"Correct"
"C,5,RT","C","5","RT","49","lor_Ba_4dB.avi","Female","AO","2","2089.46",1,1,-1,-1,"Correct"
"C,5,RT","C","5","RT","63","mik_Bg_4dB.avi","Male","AV_M","2","-2246.06",0,-2,-2,-2,"Ella to fill"
"C,5,RT","C","5","RT","70","mik_Gb_4dB.avi","Male","AV_M","4","2656.33",1,-2,-2,-2,"Ella to fill"
"C,5,RT","C","5","RT","56","lor_Dv_4dB.avi","Female","VO","4","2480.92",1,-1,1,0,"Correct"
"C,5,RT","C","5","RT","51","lor_Bg_4dB.avi","Female","AV_M","2","-2862.52",0,-2,-2,-2,"Ella to fill"
"C,5,RT","C","5","RT","66","mik_Db_4dB.avi","Male","AV_M","4","-2782.63",0,-2,-2,-2,"Ella to fill"
"C,5,RT","C","5","RT","72","mik_Gv_4dB.avi","Male","VO","4","-2533.49",0,-1,0,1,"Incorrect"
"C,5,RT","C","5","RT","53","lor_Da_4dB.avi","Female","AO","4","2192.42",1,1,-1,-1,"Correct"
"C,5,RT","C","5","RT","68","mik_Dv_4dB.avi","Male","VO","4","2346.05",1,-1,1,0,"Correct"
"C,5,RT","C","5","RT","69","mik_Ga_4dB.avi","Male","AO","7","2463.02",1,1,-1,-1,"Correct"
"C,5,RT","C","5","RT","60","lor_Gv_4dB.avi","Female","VO","7","3605.30",1,-1,1,0,"Correct"
"C,5,RT","C","5","RT","65","mik_Da_4dB.avi","Male","AO","4","2277.42",1,1,-1,-1,"Correct"
"C,5,RT","C","5","RT","64","mik_Bv_4dB.avi","Male","VO","2","1910.74",1,-1,1,0,"Correct"
"C,5,RT","C","5","RT","61","mik_Ba_4dB.avi","Male","AO","2","2465.31",1,1,-1,-1,"Correct"
"C,5,RT","C","5","RT","67","mik_Dd_4dB.avi","Male","AV_C","4","2231.93",1,1,1,-1,"Correct"
"C,5,RT","C","5","RT","58","lor_Gb_4dB.avi","Female","AV_M","7","-2345.21",0,-2,-2,-2,"Ella to fill"
"C,5,RT","C","5","RT","62","mik_Bb_4dB.avi","Male","AV_C","2","2447.83",1,1,1,-1,"Correct"
"C,5,RT","C","5","RT","50","lor_Bb_4dB.avi","Female","AV_C","2","2354.12",1,1,1,-1,"Correct"
"C,5,RT","C","5","RT","54","lor_Db_4dB.avi","Female","AV_M","7","-2566.75",0,-2,-2,-2,"Ella to fill"
"C,5,RT","C","5","RT","52","lor_Bv_4dB.avi","Female","VO","2","2498.04",1,-1,1,0,"Correct"
"C,5,RT","C","5","RT","55","lor_Dd_4dB.avi","Female","AV_C","4","2398.36",1,1,1,-1,"Correct"
"C,5,RT","C","5","RT","71","mik_Gg_4dB.avi","Male","AV_C","4","-2477.02",0,0,0,-1,"Incorrect"
"C,5,RT","C","5","RT","91","mik_Dd_4dB.avi","Male","AV_C","4","1939.76",1,1,1,-1,"Correct"
"C,5,RT","C","5","RT","86","mik_Bb_4dB.avi","Male","AV_C","2","1946.68",1,1,1,-1,"Correct"
"C,5,RT","C","5","RT","92","mik_Dv_4dB.avi","Male","VO","4","2856.31",1,-1,1,0,"Correct"
"C,5,RT","C","5","RT","75","lor_Bg_4dB.avi","Female","AV_M","2","-2224.28",0,-2,-2,-2,"Ella to fill"
"C,5,RT","C","5","RT","77","lor_Da_4dB.avi","Female","AO","4","2756.56",1,1,-1,-1,"Correct"
"C,5,RT","C","5","RT","84","lor_Gv_4dB.avi","Female","VO","7","2631.17",1,-1,1,0,"Correct"
"C,5,RT","C","5","RT","76","lor_Bv_4dB.avi","Female","VO","2","2200.50",1,-1,1,0,"Correct"
"C,5,RT","C","5","RT","81","lor_Ga_4dB.avi","Female","AO","7","3581.46",1,1,-1,-1,"Correct"
"C,5,RT","C","5","RT","74","lor_Bb_4dB.avi","Female","AV_C","2","2519.30",1,1,1,-1,"Correct"
"C,5,RT","C","5","RT","89","mik_Da_4dB.avi","Male","AO","4","2370.94",1,1,-1,-1,"Correct"
"C,5,RT","C","5","RT","90","mik_Db_4dB.avi","Male","AV_M","4","-2403.91",0,-2,-2,-2,"Ella to fill"
"C,5,RT","C","5","RT","82","lor_Gb_4dB.avi","Female","AV_M","7","-3111.84",0,-2,-2,-2,"Ella to fill"
"C,5,RT","C","5","RT","94","mik_Gb_4dB.avi","Male","AV_M","7","-2480.79",0,-2,-2,-2,"Ella to fill"
"C,5,RT","C","5","RT","93","mik_Ga_4dB.avi","Male","AO","4","-2105.69",0,0,-1,-1,"Incorrect"
"C,5,RT","C","5","RT","85","mik_Ba_4dB.avi","Male","AO","2","2231.66",1,1,-1,-1,"Correct"
"C,5,RT","C","5","RT","79","lor_Dd_4dB.avi","Female","AV_C","4","2554.95",1,1,1,-1,"Correct"
"C,5,RT","C","5","RT","95","mik_Gg_4dB.avi","Male","AV_C","4","-2892.26",0,0,0,-1,"Incorrect"
"C,5,RT","C","5","RT","80","lor_Dv_4dB.avi","Female","VO","4","3260.77",1,-1,1,0,"Correct"
"C,5,RT","C","5","RT","87","mik_Bg_4dB.avi","Male","AV_M","2","-2736.69",0,-2,-2,-2,"Ella to fill"
"C,5,RT","C","5","RT","88","mik_Bv_4dB.avi","Male","VO","2","2705.27",1,-1,1,0,"Correct"
"C,5,RT","C","5","RT","83","lor_Gg_4dB.avi","Female","AV_C","7","2964.24",1,1,1,-1,"Correct"
"C,5,RT","C","5","RT","78","lor_Db_4dB.avi","Female","AV_M","7","-2989.23",0,-2,-2,-2,"Ella to fill"
"C,5,RT","C","5","RT","96","mik_Gv_4dB.avi","Male","VO","4","-2290.18",0,-1,0,1,"Incorrect"
"C,5,RT","C","5","RT","73","lor_Ba_4dB.avi","Female","AO","2","2420.43",1,1,-1,-1,"Correct"
"C,9,ST","C","9","ST","5","lor_Da.avi","Female","AO","4","2256.13",1,1,-1,-1,"Correct"
"C,9,ST","C","9","ST","17","mik_Da.avi","Male","AO","4","2125.11",1,1,-1,-1,"Correct"
"C,9,ST","C","9","ST","1","lor_Ba.avi","Female","AO","2","1843.05",1,1,-1,-1,"Correct"
"C,9,ST","C","9","ST","8","lor_Dv.avi","Female","VO","7","-2777.68",0,-1,0,1,"Incorrect"
"C,9,ST","C","9","ST","2","lor_Bb.avi","Female","AV_C","2","2093.63",1,1,1,-1,"Correct"
"C,9,ST","C","9","ST","19","mik_Dd.avi","Male","AV_C","4","3282.56",1,1,1,-1,"Correct"
"C,9,ST","C","9","ST","16","mik_Bv.avi","Male","VO","2","1992.69",1,-1,1,0,"Correct"
"C,9,ST","C","9","ST","13","mik_Ba.avi","Male","AO","2","2666.87",1,1,-1,-1,"Correct"
"C,9,ST","C","9","ST","11","lor_Gg.avi","Female","AV_C","7","1761.74",1,1,1,-1,"Correct"
"C,9,ST","C","9","ST","21","mik_Ga.avi","Male","AO","7","2214.67",1,1,-1,-1,"Correct"
"C,9,ST","C","9","ST","18","mik_Db.avi","Male","AV_M","4","-2541.30",0,-2,-2,-2,"Ella to fill"
"C,9,ST","C","9","ST","9","lor_Ga.avi","Female","AO","7","2076.91",1,1,-1,-1,"Correct"
"C,9,ST","C","9","ST","6","lor_Db.avi","Female","AV_M","4","-1955.86",0,-2,-2,-2,"Ella to fill"
"C,9,ST","C","9","ST","15","mik_Bg.avi","Male","AV_M","2","-1773.53",0,-2,-2,-2,"Ella to fill"
"C,9,ST","C","9","ST","7","lor_Dd.avi","Female","AV_C","4","1423.77",1,1,1,-1,"Correct"
"C,9,ST","C","9","ST","22","mik_Gb.avi","Male","AV_M","7","-1937.66",0,-2,-2,-2,"Ella to fill"
"C,9,ST","C","9","ST","20","mik_Dv.avi","Male","VO","4","2291.27",1,-1,1,0,"Correct"
"C,9,ST","C","9","ST","23","mik_Gg.avi","Male","AV_C","7","1940.21",1,1,1,-1,"Correct"
"C,9,ST","C","9","ST","3","lor_Bg.avi","Female","AV_M","2","-1878.45",0,-2,-2,-2,"Ella to fill"
"C,9,ST","C","9","ST","10","lor_Gb.avi","Female","AV_M","7","-1655.41",0,-2,-2,-2,"Ella to fill"
"C,9,ST","C","9","ST","12","lor_Gv.avi","Female","VO","2","-3544.01",0,-1,0,1,"Incorrect"
"C,9,ST","C","9","ST","14","mik_Bb.avi","Male","AV_C","2","1632.52",1,1,1,-1,"Correct"
"C,9,ST","C","9","ST","24","mik_Gv.avi","Male","VO","4","-1975.80",0,-1,0,1,"Incorrect"
"C,9,ST","C","9","ST","4","lor_Bv.avi","Female","VO","2","2166.99",1,-1,1,0,"Correct"
"C,9,ST","C","9","ST","47","mik_Gg.avi","Male","AV_C","7","2024.25",1,1,1,-1,"Correct"
"C,9,ST","C","9","ST","38","mik_Bb.avi","Male","AV_C","2","1533.79",1,1,1,-1,"Correct"
"C,9,ST","C","9","ST","39","mik_Bg.avi","Male","AV_M","2","-1796.37",0,-2,-2,-2,"Ella to fill"
"C,9,ST","C","9","ST","30","lor_Db.avi","Female","AV_M","4","-3141.97",0,-2,-2,-2,"Ella to fill"
"C,9,ST","C","9","ST","41","mik_Da.avi","Male","AO","4","2249.92",1,1,-1,-1,"Correct"
"C,9,ST","C","9","ST","29","lor_Da.avi","Female","AO","4","1976.89",1,1,-1,-1,"Correct"
"C,9,ST","C","9","ST","35","lor_Gg.avi","Female","AV_C","7","1611.22",1,1,1,-1,"Correct"
"C,9,ST","C","9","ST","48","mik_Gv.avi","Male","VO","4","-2177.46",0,-1,0,1,"Incorrect"
"C,9,ST","C","9","ST","45","mik_Ga.avi","Male","AO","7","1913.68",1,1,-1,-1,"Correct"
"C,9,ST","C","9","ST","43","mik_Dd.avi","Male","AV_C","4","2188.58",1,1,1,-1,"Correct"
"C,9,ST","C","9","ST","33","lor_Ga.avi","Female","AO","7","1748.48",1,1,-1,-1,"Correct"
"C,9,ST","C","9","ST","46","mik_Gb.avi","Male","AV_M","7","-1801.19",0,-2,-2,-2,"Ella to fill"
"C,9,ST","C","9","ST","25","lor_Ba.avi","Female","AO","2","1882.75",1,1,-1,-1,"Correct"
"C,9,ST","C","9","ST","32","lor_Dv.avi","Female","VO","4","2385.38",1,-1,1,0,"Correct"
"C,9,ST","C","9","ST","26","lor_Bb.avi","Female","AV_C","2","1457.60",1,1,1,-1,"Correct"
"C,9,ST","C","9","ST","40","mik_Bv.avi","Male","VO","2","1824.31",1,-1,1,0,"Correct"
"C,9,ST","C","9","ST","42","mik_Db.avi","Male","AV_M","4","-2220.88",0,-2,-2,-2,"Ella to fill"
"C,9,ST","C","9","ST","27","lor_Bg.avi","Female","AV_M","2","-2873.18",0,-2,-2,-2,"Ella to fill"
"C,9,ST","C","9","ST","28","lor_Bv.avi","Female","VO","2","2184.80",1,-1,1,0,"Correct"
"C,9,ST","C","9","ST","37","mik_Ba.avi","Male","AO","2","1800.79",1,1,-1,-1,"Correct"
"C,9,ST","C","9","ST","31","lor_Dd.avi","Female","AV_C","4","2019.05",1,1,1,-1,"Correct"
"C,9,ST","C","9","ST","34","lor_Gb.avi","Female","AV_M","7","-1875.33",0,-2,-2,-2,"Ella to fill"
"C,9,ST","C","9","ST","44","mik_Dv.avi","Male","VO","4","2260.93",1,-1,1,0,"Correct"
"C,9,ST","C","9","ST","36","lor_Gv.avi","Female","VO","4","-3909.87",0,-1,0,1,"Incorrect"
"C,9,ST","C","9","ST","71","mik_Gg_4dB.avi","Male","AV_C","7","2049.47",1,1,1,-1,"Correct"
"C,9,ST","C","9","ST","56","lor_Dv_4dB.avi","Female","VO","2","-2501.06",0,-1,0,1,"Incorrect"
"C,9,ST","C","9","ST","59","lor_Gg_4dB.avi","Female","AV_C","7","2240.03",1,1,1,-1,"Correct"
"C,9,ST","C","9","ST","53","lor_Da_4dB.avi","Female","AO","7","-2643.67",0,0,-1,-1,"Incorrect"
"C,9,ST","C","9","ST","54","lor_Db_4dB.avi","Female","AV_M","7","-1822.99",0,-2,-2,-2,"Ella to fill"
"C,9,ST","C","9","ST","68","mik_Dv_4dB.avi","Male","VO","4","3045.61",1,-1,1,0,"Correct"
"C,9,ST","C","9","ST","51","lor_Bg_4dB.avi","Female","AV_M","7","-1872.26",0,-2,-2,-2,"Ella to fill"
"C,9,ST","C","9","ST","69","mik_Ga_4dB.avi","Male","AO","7","1894.88",1,1,-1,-1,"Correct"
"C,9,ST","C","9","ST","52","lor_Bv_4dB.avi","Female","VO","2","2289.82",1,-1,1,0,"Correct"
"C,9,ST","C","9","ST","67","mik_Dd_4dB.avi","Male","AV_C","4","1845.79",1,1,1,-1,"Correct"
"C,9,ST","C","9","ST","63","mik_Bg_4dB.avi","Male","AV_M","2","-1949.07",0,-2,-2,-2,"Ella to fill"
"C,9,ST","C","9","ST","72","mik_Gv_4dB.avi","Male","VO","4","-2968.31",0,-1,0,1,"Incorrect"
"C,9,ST","C","9","ST","61","mik_Ba_4dB.avi","Male","AO","2","2068.22",1,1,-1,-1,"Correct"
"C,9,ST","C","9","ST","58","lor_Gb_4dB.avi","Female","AV_M","7","-1933.17",0,-2,-2,-2,"Ella to fill"
"C,9,ST","C","9","ST","49","lor_Ba_4dB.avi","Female","AO","2","2824.15",1,1,-1,-1,"Correct"
"C,9,ST","C","9","ST","66","mik_Db_4dB.avi","Male","AV_M","4","-2546.09",0,-2,-2,-2,"Ella to fill"
"C,9,ST","C","9","ST","62","mik_Bb_4dB.avi","Male","AV_C","2","2555.08",1,1,1,-1,"Correct"
"C,9,ST","C","9","ST","65","mik_Da_4dB.avi","Male","AO","4","3112.32",1,1,-1,-1,"Correct"
"C,9,ST","C","9","ST","55","lor_Dd_4dB.avi","Female","AV_C","7","-2389.28",0,0,0,-1,"Incorrect"
"C,9,ST","C","9","ST","60","lor_Gv_4dB.avi","Female","VO","2","-2725.25",0,-1,0,1,"Incorrect"
"C,9,ST","C","9","ST","57","lor_Ga_4dB.avi","Female","AO","7","2754.88",1,1,-1,-1,"Correct"
"C,9,ST","C","9","ST","70","mik_Gb_4dB.avi","Male","AV_M","7","-1964.49",0,-2,-2,-2,"Ella to fill"
"C,9,ST","C","9","ST","50","lor_Bb_4dB.avi","Female","AV_C","2","1465.47",1,1,1,-1,"Correct"
"C,9,ST","C","9","ST","64","mik_Bv_4dB.avi","Male","VO","2","1826.11",1,-1,1,0,"Correct"
"C,9,ST","C","9","ST","76","lor_Bv_4dB.avi","Female","VO","2","2948.70",1,-1,1,0,"Correct"
"C,9,ST","C","9","ST","92","mik_Dv_4dB.avi","Male","VO","4","2825.38",1,-1,1,0,"Correct"
"C,9,ST","C","9","ST","88","mik_Bv_4dB.avi","Male","VO","2","2386.69",1,-1,1,0,"Correct"
"C,9,ST","C","9","ST","83","lor_Gg_4dB.avi","Female","AV_C","7","2116.30",1,1,1,-1,"Correct"
"C,9,ST","C","9","ST","89","mik_Da_4dB.avi","Male","AO","4","2025.00",1,1,-1,-1,"Correct"
"C,9,ST","C","9","ST","80","lor_Dv_4dB.avi","Female","VO","4","1941.24",1,-1,1,0,"Correct"
"C,9,ST","C","9","ST","85","mik_Ba_4dB.avi","Male","AO","2","2769.86",1,1,-1,-1,"Correct"
"C,9,ST","C","9","ST","74","lor_Bb_4dB.avi","Female","AV_C","2","2284.49",1,1,1,-1,"Correct"
"C,9,ST","C","9","ST","95","mik_Gg_4dB.avi","Male","AV_C","7","1588.75",1,1,1,-1,"Correct"
"C,9,ST","C","9","ST","75","lor_Bg_4dB.avi","Female","AV_M","2","-2678.99",0,-2,-2,-2,"Ella to fill"
"C,9,ST","C","9","ST","94","mik_Gb_4dB.avi","Male","AV_M","7","-2917.62",0,-2,-2,-2,"Ella to fill"
"C,9,ST","C","9","ST","78","lor_Db_4dB.avi","Female","AV_M","7","-2570.92",0,-2,-2,-2,"Ella to fill"
"C,9,ST","C","9","ST","90","mik_Db_4dB.avi","Male","AV_M","4","-2092.52",0,-2,-2,-2,"Ella to fill"
"C,9,ST","C","9","ST","93","mik_Ga_4dB.avi","Male","AO","7","2212.10",1,1,-1,-1,"Correct"
"C,9,ST","C","9","ST","84","lor_Gv_4dB.avi","Female","VO","4","-3133.35",0,-1,0,1,"Incorrect"
"C,9,ST","C","9","ST","96","mik_Gv_4dB.avi","Male","VO","7","1917.37",1,-1,1,0,"Correct"
"C,9,ST","C","9","ST","81","lor_Ga_4dB.avi","Female","AO","7","3049.91",1,1,-1,-1,"Correct"
"C,9,ST","C","9","ST","73","lor_Ba_4dB.avi","Female","AO","2","2975.60",1,1,-1,-1,"Correct"
"C,9,ST","C","9","ST","77","lor_Da_4dB.avi","Female","AO","7","-1955.50",0,0,-1,-1,"Incorrect"
"C,9,ST","C","9","ST","86","mik_Bb_4dB.avi","Male","AV_C","2","2868.48",1,1,1,-1,"Correct"
"C,9,ST","C","9","ST","87","mik_Bg_4dB.avi","Male","AV_M","4","3499.73",1,-2,-2,-2,"Ella to fill"
"C,9,ST","C","9","ST","79","lor_Dd_4dB.avi","Female","AV_C","7","-2427.60",0,0,0,-1,"Incorrect"
"C,9,ST","C","9","ST","91","mik_Dd_4dB.avi","Male","AV_C","4","2883.87",1,1,1,-1,"Correct"
"C,9,ST","C","9","ST","82","lor_Gb_4dB.avi","Female","AV_M","7","-1892.16",0,-2,-2,-2,"Ella to fill"
"C,10,EG","C","10","EG","24","mik_Gv.avi","Male","VO","2","-5041.29",0,-1,0,1,"Incorrect"
"C,10,EG","C","10","EG","13","mik_Ba.avi","Male","AO","2","2961.36",1,1,-1,-1,"Correct"
"C,10,EG","C","10","EG","15","mik_Bg.avi","Male","AV_M","2","-2561.30",0,-2,-2,-2,"Ella to fill"
"C,10,EG","C","10","EG","4","lor_Bv.avi","Female","VO","2","1974.53",1,-1,1,0,"Correct"
"C,10,EG","C","10","EG","9","lor_Ga.avi","Female","AO","7","2341.15",1,1,-1,-1,"Correct"
"C,10,EG","C","10","EG","19","mik_Dd.avi","Male","AV_C","4","2163.09",1,1,1,-1,"Correct"
"C,10,EG","C","10","EG","5","lor_Da.avi","Female","AO","4","2332.98",1,1,-1,-1,"Correct"
"C,10,EG","C","10","EG","3","lor_Bg.avi","Female","AV_M","2","-2815.57",0,-2,-2,-2,"Ella to fill"
"C,10,EG","C","10","EG","22","mik_Gb.avi","Male","AV_M","7","-2209.22",0,-2,-2,-2,"Ella to fill"
"C,10,EG","C","10","EG","10","lor_Gb.avi","Female","AV_M","7","-2528.14",0,-2,-2,-2,"Ella to fill"
"C,10,EG","C","10","EG","1","lor_Ba.avi","Female","AO","2","2543.77",1,1,-1,-1,"Correct"
"C,10,EG","C","10","EG","14","mik_Bb.avi","Male","AV_C","2","2254.72",1,1,1,-1,"Correct"
"C,10,EG","C","10","EG","6","lor_Db.avi","Female","AV_M","4","-2170.68",0,-2,-2,-2,"Ella to fill"
"C,10,EG","C","10","EG","12","lor_Gv.avi","Female","VO","2","-3764.61",0,-1,0,1,"Incorrect"
"C,10,EG","C","10","EG","8","lor_Dv.avi","Female","VO","4","2925.02",1,-1,1,0,"Correct"
"C,10,EG","C","10","EG","2","lor_Bb.avi","Female","AV_C","2","2012.61",1,1,1,-1,"Correct"
"C,10,EG","C","10","EG","7","lor_Dd.avi","Female","AV_C","4","2496.57",1,1,1,-1,"Correct"
"C,10,EG","C","10","EG","11","lor_Gg.avi","Female","AV_C","7","2357.21",1,1,1,-1,"Correct"
"C,10,EG","C","10","EG","17","mik_Da.avi","Male","AO","4","2266.81",1,1,-1,-1,"Correct"
"C,10,EG","C","10","EG","23","mik_Gg.avi","Male","AV_C","7","2111.46",1,1,1,-1,"Correct"
"C,10,EG","C","10","EG","18","mik_Db.avi","Male","AV_M","4","-2322.00",0,-2,-2,-2,"Ella to fill"
"C,10,EG","C","10","EG","16","mik_Bv.avi","Male","VO","2","2416.51",1,-1,1,0,"Correct"
"C,10,EG","C","10","EG","21","mik_Ga.avi","Male","AO","7","2277.21",1,1,-1,-1,"Correct"
"C,10,EG","C","10","EG","20","mik_Dv.avi","Male","VO","4","2247.44",1,-1,1,0,"Correct"
"C,10,EG","C","10","EG","41","mik_Da.avi","Male","AO","4","2045.65",1,1,-1,-1,"Correct"
"C,10,EG","C","10","EG","37","mik_Ba.avi","Male","AO","2","2386.11",1,1,-1,-1,"Correct"
"C,10,EG","C","10","EG","40","mik_Bv.avi","Male","VO","2","1837.11",1,-1,1,0,"Correct"
"C,10,EG","C","10","EG","46","mik_Gb.avi","Male","AV_M","7","-1955.40",0,-2,-2,-2,"Ella to fill"
"C,10,EG","C","10","EG","35","lor_Gg.avi","Female","AV_C","7","1937.32",1,1,1,-1,"Correct"
"C,10,EG","C","10","EG","39","mik_Bg.avi","Male","AV_M","2","-3322.14",0,-2,-2,-2,"Ella to fill"
"C,10,EG","C","10","EG","33","lor_Ga.avi","Female","AO","7","1981.82",1,1,-1,-1,"Correct"
"C,10,EG","C","10","EG","48","mik_Gv.avi","Male","VO","2","-4314.75",0,-1,0,1,"Incorrect"
"C,10,EG","C","10","EG","45","mik_Ga.avi","Male","AO","7","2675.38",1,1,-1,-1,"Correct"
"C,10,EG","C","10","EG","30","lor_Db.avi","Female","AV_M","4","-2682.97",0,-2,-2,-2,"Ella to fill"
"C,10,EG","C","10","EG","47","mik_Gg.avi","Male","AV_C","7","2153.28",1,1,1,-1,"Correct"
"C,10,EG","C","10","EG","29","lor_Da.avi","Female","AO","4","2802.51",1,1,-1,-1,"Correct"
"C,10,EG","C","10","EG","31","lor_Dd.avi","Female","AV_C","4","1945.44",1,1,1,-1,"Correct"
"C,10,EG","C","10","EG","34","lor_Gb.avi","Female","AV_M","7","-2045.08",0,-2,-2,-2,"Ella to fill"
"C,10,EG","C","10","EG","38","mik_Bb.avi","Male","AV_C","2","2792.34",1,1,1,-1,"Correct"
"C,10,EG","C","10","EG","32","lor_Dv.avi","Female","VO","4","2624.62",1,-1,1,0,"Correct"
"C,10,EG","C","10","EG","43","mik_Dd.avi","Male","AV_C","4","2284.21",1,1,1,-1,"Correct"
"C,10,EG","C","10","EG","27","lor_Bg.avi","Female","AV_M","2","-2412.50",0,-2,-2,-2,"Ella to fill"
"C,10,EG","C","10","EG","42","mik_Db.avi","Male","AV_M","4","-2963.10",0,-2,-2,-2,"Ella to fill"
"C,10,EG","C","10","EG","26","lor_Bb.avi","Female","AV_C","2","2931.68",1,1,1,-1,"Correct"
"C,10,EG","C","10","EG","25","lor_Ba.avi","Female","AO","2","2405.03",1,1,-1,-1,"Correct"
"C,10,EG","C","10","EG","28","lor_Bv.avi","Female","VO","2","1862.00",1,-1,1,0,"Correct"
"C,10,EG","C","10","EG","44","mik_Dv.avi","Male","VO","4","2086.60",1,-1,1,0,"Correct"
"C,10,EG","C","10","EG","36","lor_Gv.avi","Female","VO","7","2576.56",1,-1,1,0,"Correct"
"C,10,EG","C","10","EG","52","lor_Bv_4dB.avi","Female","VO","2","2354.99",1,-1,1,0,"Correct"
"C,10,EG","C","10","EG","67","mik_Dd_4dB.avi","Male","AV_C","4","1843.64",1,1,1,-1,"Correct"
"C,10,EG","C","10","EG","70","mik_Gb_4dB.avi","Male","AV_M","7","-1940.24",0,-2,-2,-2,"Ella to fill"
"C,10,EG","C","10","EG","51","lor_Bg_4dB.avi","Female","AV_M","2","-2658.52",0,-2,-2,-2,"Ella to fill"
"C,10,EG","C","10","EG","71","mik_Gg_4dB.avi","Male","AV_C","7","4018.16",1,1,1,-1,"Correct"
"C,10,EG","C","10","EG","57","lor_Ga_4dB.avi","Female","AO","7","2068.54",1,1,-1,-1,"Correct"
"C,10,EG","C","10","EG","60","lor_Gv_4dB.avi","Female","VO","4","-4973.81",0,-1,0,1,"Incorrect"
"C,10,EG","C","10","EG","68","mik_Dv_4dB.avi","Male","VO","7","-2358.57",0,-1,0,1,"Incorrect"
"C,10,EG","C","10","EG","66","mik_Db_4dB.avi","Male","AV_M","4","-2459.17",0,-2,-2,-2,"Ella to fill"
"C,10,EG","C","10","EG","64","mik_Bv_4dB.avi","Male","VO","2","2159.83",1,-1,1,0,"Correct"
"C,10,EG","C","10","EG","49","lor_Ba_4dB.avi","Female","AO","2","2724.77",1,1,-1,-1,"Correct"
"C,10,EG","C","10","EG","55","lor_Dd_4dB.avi","Female","AV_C","7","-2139.78",0,0,0,-1,"Incorrect"
"C,10,EG","C","10","EG","50","lor_Bb_4dB.avi","Female","AV_C","2","2656.69",1,1,1,-1,"Correct"
"C,10,EG","C","10","EG","54","lor_Db_4dB.avi","Female","AV_M","4","-3127.63",0,-2,-2,-2,"Ella to fill"
"C,10,EG","C","10","EG","65","mik_Da_4dB.avi","Male","AO","4","2051.63",1,1,-1,-1,"Correct"
"C,10,EG","C","10","EG","69","mik_Ga_4dB.avi","Male","AO","7","2166.53",1,1,-1,-1,"Correct"
"C,10,EG","C","10","EG","59","lor_Gg_4dB.avi","Female","AV_C","7","2196.49",1,1,1,-1,"Correct"
"C,10,EG","C","10","EG","53","lor_Da_4dB.avi","Female","AO","7","-2282.83",0,0,-1,-1,"Incorrect"
"C,10,EG","C","10","EG","62","mik_Bb_4dB.avi","Male","AV_C","2","2171.83",1,1,1,-1,"Correct"
"C,10,EG","C","10","EG","63","mik_Bg_4dB.avi","Male","AV_M","7","-5452.74",0,-2,-2,-2,"Ella to fill"
"C,10,EG","C","10","EG","61","mik_Ba_4dB.avi","Male","AO","2","2505.02",1,1,-1,-1,"Correct"
"C,10,EG","C","10","EG","72","mik_Gv_4dB.avi","Male","VO","7","2832.94",1,-1,1,0,"Correct"
"C,10,EG","C","10","EG","56","lor_Dv_4dB.avi","Female","VO","7","-2389.87",0,-1,0,1,"Incorrect"
"C,10,EG","C","10","EG","58","lor_Gb_4dB.avi","Female","AV_M","7","-2590.17",0,-2,-2,-2,"Ella to fill"
"C,10,EG","C","10","EG","79","lor_Dd_4dB.avi","Female","AV_C","7","-2243.73",0,0,0,-1,"Incorrect"
"C,10,EG","C","10","EG","86","mik_Bb_4dB.avi","Male","AV_C","2","2178.32",1,1,1,-1,"Correct"
"C,10,EG","C","10","EG","80","lor_Dv_4dB.avi","Female","VO","4","2298.26",1,-1,1,0,"Correct"
"C,10,EG","C","10","EG","89","mik_Da_4dB.avi","Male","AO","4","2258.62",1,1,-1,-1,"Correct"
"C,10,EG","C","10","EG","74","lor_Bb_4dB.avi","Female","AV_C","2","2268.23",1,1,1,-1,"Correct"
"C,10,EG","C","10","EG","91","mik_Dd_4dB.avi","Male","AV_C","4","1859.56",1,1,1,-1,"Correct"
"C,10,EG","C","10","EG","78","lor_Db_4dB.avi","Female","AV_M","7","-1978.48",0,-2,-2,-2,"Ella to fill"
"C,10,EG","C","10","EG","96","mik_Gv_4dB.avi","Male","VO","2","-3055.09",0,-1,0,1,"Incorrect"
"C,10,EG","C","10","EG","85","mik_Ba_4dB.avi","Male","AO","2","2287.02",1,1,-1,-1,"Correct"
"C,10,EG","C","10","EG","84","lor_Gv_4dB.avi","Female","VO","4","-3198.98",0,-1,0,1,"Incorrect"
"C,10,EG","C","10","EG","82","lor_Gb_4dB.avi","Female","AV_M","7","-2348.87",0,-2,-2,-2,"Ella to fill"
"C,10,EG","C","10","EG","94","mik_Gb_4dB.avi","Male","AV_M","7","-2180.88",0,-2,-2,-2,"Ella to fill"
"C,10,EG","C","10","EG","75","lor_Bg_4dB.avi","Female","AV_M","2","-3459.66",0,-2,-2,-2,"Ella to fill"
"C,10,EG","C","10","EG","81","lor_Ga_4dB.avi","Female","AO","7","2764.38",1,1,-1,-1,"Correct"
"C,10,EG","C","10","EG","73","lor_Ba_4dB.avi","Female","AO","2","2190.66",1,1,-1,-1,"Correct"
"C,10,EG","C","10","EG","93","mik_Ga_4dB.avi","Male","AO","7","2618.64",1,1,-1,-1,"Correct"
"C,10,EG","C","10","EG","90","mik_Db_4dB.avi","Male","AV_M","4","-2201.61",0,-2,-2,-2,"Ella to fill"
"C,10,EG","C","10","EG","83","lor_Gg_4dB.avi","Female","AV_C","7","2124.53",1,1,1,-1,"Correct"
"C,10,EG","C","10","EG","95","mik_Gg_4dB.avi","Male","AV_C","7","2026.51",1,1,1,-1,"Correct"
"C,10,EG","C","10","EG","92","mik_Dv_4dB.avi","Male","VO","4","2222.07",1,-1,1,0,"Correct"
"C,10,EG","C","10","EG","88","mik_Bv_4dB.avi","Male","VO","2","2452.64",1,-1,1,0,"Correct"
"C,10,EG","C","10","EG","87","mik_Bg_4dB.avi","Male","AV_M","2","-3351.65",0,-2,-2,-2,"Ella to fill"
"C,10,EG","C","10","EG","76","lor_Bv_4dB.avi","Female","VO","4","-2745.55",0,-1,0,1,"Incorrect"
"C,10,EG","C","10","EG","77","lor_Da_4dB.avi","Female","AO","7","-3220.84",0,0,-1,-1,"Incorrect"
"C,13,CO","C","13","CO","30","lor_Db.avi","Female","AV_M","2","3092.30",1,-2,-2,-2,"Ella to fill"
"C,13,CO","C","13","CO","36","lor_Gv.avi","Female","VO","7","2814.27",1,-1,1,0,"Correct"
"C,13,CO","C","13","CO","35","lor_Gg.avi","Female","AV_C","7","2527.58",1,1,1,-1,"Correct"
"C,13,CO","C","13","CO","32","lor_Dv.avi","Female","VO","7","-2871.20",0,-1,0,1,"Incorrect"
"C,13,CO","C","13","CO","44","mik_Dv.avi","Male","VO","4","2473.83",1,-1,1,0,"Correct"
"C,13,CO","C","13","CO","42","mik_Db.avi","Male","AV_M","4","-2770.76",0,-2,-2,-2,"Ella to fill"
"C,13,CO","C","13","CO","43","mik_Dd.avi","Male","AV_C","4","2574.70",1,1,1,-1,"Correct"
"C,13,CO","C","13","CO","29","lor_Da.avi","Female","AO","4","2707.97",1,1,-1,-1,"Correct"
"C,13,CO","C","13","CO","41","mik_Da.avi","Male","AO","4","2796.56",1,1,-1,-1,"Correct"
"C,13,CO","C","13","CO","34","lor_Gb.avi","Female","AV_M","7","-2790.89",0,-2,-2,-2,"Ella to fill"
"C,13,CO","C","13","CO","26","lor_Bb.avi","Female","AV_C","2","2941.48",1,1,1,-1,"Correct"
"C,13,CO","C","13","CO","33","lor_Ga.avi","Female","AO","7","2462.43",1,1,-1,-1,"Correct"
"C,13,CO","C","13","CO","45","mik_Ga.avi","Male","AO","7","2305.07",1,1,-1,-1,"Correct"
"C,13,CO","C","13","CO","48","mik_Gv.avi","Male","VO","4","-2335.27",0,-1,0,1,"Incorrect"
"C,13,CO","C","13","CO","28","lor_Bv.avi","Female","VO","2","2334.18",1,-1,1,0,"Correct"
"C,13,CO","C","13","CO","39","mik_Bg.avi","Male","AV_M","2","-2793.07",0,-2,-2,-2,"Ella to fill"
"C,13,CO","C","13","CO","38","mik_Bb.avi","Male","AV_C","2","2281.94",1,1,1,-1,"Correct"
"C,13,CO","C","13","CO","27","lor_Bg.avi","Female","AV_M","2","-3180.87",0,-2,-2,-2,"Ella to fill"
"C,13,CO","C","13","CO","25","lor_Ba.avi","Female","AO","2","2608.52",1,1,-1,-1,"Correct"
"C,13,CO","C","13","CO","40","mik_Bv.avi","Male","VO","2","2183.16",1,-1,1,0,"Correct"
"C,13,CO","C","13","CO","46","mik_Gb.avi","Male","AV_M","7","-2652.09",0,-2,-2,-2,"Ella to fill"
"C,13,CO","C","13","CO","47","mik_Gg.avi","Male","AV_C","7","2395.33",1,1,1,-1,"Correct"
"C,13,CO","C","13","CO","31","lor_Dd.avi","Female","AV_C","4","2399.83",1,1,1,-1,"Correct"
"C,13,CO","C","13","CO","37","mik_Ba.avi","Male","AO","2","2607.74",1,1,-1,-1,"Correct"
"C,13,CO","C","13","CO","16","mik_Bv.avi","Male","VO","2","2375.13",1,-1,1,0,"Correct"
"C,13,CO","C","13","CO","23","mik_Gg.avi","Male","AV_C","7","2121.08",1,1,1,-1,"Correct"
"C,13,CO","C","13","CO","13","mik_Ba.avi","Male","AO","2","3070.66",1,1,-1,-1,"Correct"
"C,13,CO","C","13","CO","6","lor_Db.avi","Female","AV_M","4","-3306.82",0,-2,-2,-2,"Ella to fill"
"C,13,CO","C","13","CO","11","lor_Gg.avi","Female","AV_C","7","2226.81",1,1,1,-1,"Correct"
"C,13,CO","C","13","CO","4","lor_Bv.avi","Female","VO","2","2242.79",1,-1,1,0,"Correct"
"C,13,CO","C","13","CO","9","lor_Ga.avi","Female","AO","7","2105.42",1,1,-1,-1,"Correct"
"C,13,CO","C","13","CO","12","lor_Gv.avi","Female","VO","7","2831.34",1,-1,1,0,"Correct"
"C,13,CO","C","13","CO","3","lor_Bg.avi","Female","AV_M","2","-3164.28",0,-2,-2,-2,"Ella to fill"
"C,13,CO","C","13","CO","5","lor_Da.avi","Female","AO","4","2258.60",1,1,-1,-1,"Correct"
"C,13,CO","C","13","CO","2","lor_Bb.avi","Female","AV_C","2","2071.53",1,1,1,-1,"Correct"
"C,13,CO","C","13","CO","1","lor_Ba.avi","Female","AO","2","2602.16",1,1,-1,-1,"Correct"
"C,13,CO","C","13","CO","10","lor_Gb.avi","Female","AV_M","7","-2443.46",0,-2,-2,-2,"Ella to fill"
"C,13,CO","C","13","CO","24","mik_Gv.avi","Male","VO","7","2677.05",1,-1,1,0,"Correct"
"C,13,CO","C","13","CO","14","mik_Bb.avi","Male","AV_C","2","2321.65",1,1,1,-1,"Correct"
"C,13,CO","C","13","CO","21","mik_Ga.avi","Male","AO","7","2258.25",1,1,-1,-1,"Correct"
"C,13,CO","C","13","CO","7","lor_Dd.avi","Female","AV_C","4","2109.53",1,1,1,-1,"Correct"
"C,13,CO","C","13","CO","15","mik_Bg.avi","Male","AV_M","2","-3115.78",0,-2,-2,-2,"Ella to fill"
"C,13,CO","C","13","CO","18","mik_Db.avi","Male","AV_M","4","-2683.01",0,-2,-2,-2,"Ella to fill"
"C,13,CO","C","13","CO","22","mik_Gb.avi","Male","AV_M","7","-3468.61",0,-2,-2,-2,"Ella to fill"
"C,13,CO","C","13","CO","20","mik_Dv.avi","Male","VO","4","2272.41",1,-1,1,0,"Correct"
"C,13,CO","C","13","CO","8","lor_Dv.avi","Female","VO","4","2402.11",1,-1,1,0,"Correct"
"C,13,CO","C","13","CO","19","mik_Dd.avi","Male","AV_C","4","2254.71",1,1,1,-1,"Correct"
"C,13,CO","C","13","CO","17","mik_Da.avi","Male","AO","4","2259.63",1,1,-1,-1,"Correct"
"C,13,CO","C","13","CO","51","lor_Bg_4dB.avi","Female","AV_M","7","-2446.91",0,-2,-2,-2,"Ella to fill"
"C,13,CO","C","13","CO","65","mik_Da_4dB.avi","Male","AO","4","2530.55",1,1,-1,-1,"Correct"
"C,13,CO","C","13","CO","56","lor_Dv_4dB.avi","Female","VO","4","2916.50",1,-1,1,0,"Correct"
"C,13,CO","C","13","CO","71","mik_Gg_4dB.avi","Male","AV_C","7","2190.51",1,1,1,-1,"Correct"
"C,13,CO","C","13","CO","58","lor_Gb_4dB.avi","Female","AV_M","2","-4108.71",0,-2,-2,-2,"Ella to fill"
"C,13,CO","C","13","CO","54","lor_Db_4dB.avi","Female","AV_M","7","-3242.85",0,-2,-2,-2,"Ella to fill"
"C,13,CO","C","13","CO","50","lor_Bb_4dB.avi","Female","AV_C","2","2545.63",1,1,1,-1,"Correct"
"C,13,CO","C","13","CO","67","mik_Dd_4dB.avi","Male","AV_C","4","2847.93",1,1,1,-1,"Correct"
"C,13,CO","C","13","CO","60","lor_Gv_4dB.avi","Female","VO","7","2764.20",1,-1,1,0,"Correct"
"C,13,CO","C","13","CO","62","mik_Bb_4dB.avi","Male","AV_C","2","2397.19",1,1,1,-1,"Correct"
"C,13,CO","C","13","CO","64","mik_Bv_4dB.avi","Male","VO","2","3618.76",1,-1,1,0,"Correct"
"C,13,CO","C","13","CO","66","mik_Db_4dB.avi","Male","AV_M","4","-3826.60",0,-2,-2,-2,"Ella to fill"
"C,13,CO","C","13","CO","57","lor_Ga_4dB.avi","Female","AO","7","2202.02",1,1,-1,-1,"Correct"
"C,13,CO","C","13","CO","72","mik_Gv_4dB.avi","Male","VO","4","-2739.02",0,-1,0,1,"Incorrect"
"C,13,CO","C","13","CO","53","lor_Da_4dB.avi","Female","AO","7","-2178.57",0,0,-1,-1,"Incorrect"
"C,13,CO","C","13","CO","55","lor_Dd_4dB.avi","Female","AV_C","4","2930.54",1,1,1,-1,"Correct"
"C,13,CO","C","13","CO","49","lor_Ba_4dB.avi","Female","AO","2","2669.86",1,1,-1,-1,"Correct"
"C,13,CO","C","13","CO","52","lor_Bv_4dB.avi","Female","VO","2","3953.77",1,-1,1,0,"Correct"
"C,13,CO","C","13","CO","68","mik_Dv_4dB.avi","Male","VO","4","2903.52",1,-1,1,0,"Correct"
"C,13,CO","C","13","CO","69","mik_Ga_4dB.avi","Male","AO","7","3502.50",1,1,-1,-1,"Correct"
"C,13,CO","C","13","CO","59","lor_Gg_4dB.avi","Female","AV_C","7","2703.68",1,1,1,-1,"Correct"
"C,13,CO","C","13","CO","61","mik_Ba_4dB.avi","Male","AO","2","3274.97",1,1,-1,-1,"Correct"
"C,13,CO","C","13","CO","63","mik_Bg_4dB.avi","Male","AV_M","2","-2974.53",0,-2,-2,-2,"Ella to fill"
"C,13,CO","C","13","CO","70","mik_Gb_4dB.avi","Male","AV_M","7","-3170.76",0,-2,-2,-2,"Ella to fill"
"C,13,CO","C","13","CO","94","mik_Gb_4dB.avi","Male","AV_M","7","-2626.16",0,-2,-2,-2,"Ella to fill"
"C,13,CO","C","13","CO","85","mik_Ba_4dB.avi","Male","AO","2","2472.12",1,1,-1,-1,"Correct"
"C,13,CO","C","13","CO","93","mik_Ga_4dB.avi","Male","AO","7","2040.72",1,1,-1,-1,"Correct"
"C,13,CO","C","13","CO","78","lor_Db_4dB.avi","Female","AV_M","4","-3149.34",0,-2,-2,-2,"Ella to fill"
"C,13,CO","C","13","CO","79","lor_Dd_4dB.avi","Female","AV_C","4","2295.07",1,1,1,-1,"Correct"
"C,13,CO","C","13","CO","77","lor_Da_4dB.avi","Female","AO","7","-2441.58",0,0,-1,-1,"Incorrect"
"C,13,CO","C","13","CO","82","lor_Gb_4dB.avi","Female","AV_M","7","-2878.08",0,-2,-2,-2,"Ella to fill"
"C,13,CO","C","13","CO","96","mik_Gv_4dB.avi","Male","VO","4","-3363.59",0,-1,0,1,"Incorrect"
"C,13,CO","C","13","CO","86","mik_Bb_4dB.avi","Male","AV_C","2","2374.47",1,1,1,-1,"Correct"
"C,13,CO","C","13","CO","83","lor_Gg_4dB.avi","Female","AV_C","7","2610.08",1,1,1,-1,"Correct"
"C,13,CO","C","13","CO","84","lor_Gv_4dB.avi","Female","VO","7","2718.72",1,-1,1,0,"Correct"
"C,13,CO","C","13","CO","90","mik_Db_4dB.avi","Male","AV_M","4","-3082.65",0,-2,-2,-2,"Ella to fill"
"C,13,CO","C","13","CO","80","lor_Dv_4dB.avi","Female","VO","4","3845.33",1,-1,1,0,"Correct"
"C,13,CO","C","13","CO","89","mik_Da_4dB.avi","Male","AO","4","3983.70",1,1,-1,-1,"Correct"
"C,13,CO","C","13","CO","88","mik_Bv_4dB.avi","Male","VO","2","2651.12",1,-1,1,0,"Correct"
"C,13,CO","C","13","CO","76","lor_Bv_4dB.avi","Female","VO","2","2685.07",1,-1,1,0,"Correct"
"C,13,CO","C","13","CO","92","mik_Dv_4dB.avi","Male","VO","4","2483.02",1,-1,1,0,"Correct"
"C,13,CO","C","13","CO","91","mik_Dd_4dB.avi","Male","AV_C","4","2915.24",1,1,1,-1,"Correct"
"C,13,CO","C","13","CO","87","mik_Bg_4dB.avi","Male","AV_M","7","-2543.58",0,-2,-2,-2,"Ella to fill"
"C,13,CO","C","13","CO","74","lor_Bb_4dB.avi","Female","AV_C","2","2936.47",1,1,1,-1,"Correct"
"C,13,CO","C","13","CO","73","lor_Ba_4dB.avi","Female","AO","2","2330.10",1,1,-1,-1,"Correct"
"C,13,CO","C","13","CO","81","lor_Ga_4dB.avi","Female","AO","7","2024.42",1,1,-1,-1,"Correct"
"C,13,CO","C","13","CO","95","mik_Gg_4dB.avi","Male","AV_C","7","1968.06",1,1,1,-1,"Correct"
"C,13,CO","C","13","CO","75","lor_Bg_4dB.avi","Female","AV_M","7","-3216.24",0,-2,-2,-2,"Ella to fill"
"C,14,AO","C","14","AO","9","lor_Ga.avi","Female","AO","7","2700.91",1,1,-1,-1,"Correct"
"C,14,AO","C","14","AO","11","lor_Gg.avi","Female","AV_C","7","2657.18",1,1,1,-1,"Correct"
"C,14,AO","C","14","AO","14","mik_Bb.avi","Male","AV_C","2","2681.81",1,1,1,-1,"Correct"
"C,14,AO","C","14","AO","19","mik_Dd.avi","Male","AV_C","4","2599.08",1,1,1,-1,"Correct"
"C,14,AO","C","14","AO","12","lor_Gv.avi","Female","VO","7","5423.68",1,-1,1,0,"Correct"
"C,14,AO","C","14","AO","18","mik_Db.avi","Male","AV_M","4","-3301.29",0,-2,-2,-2,"Ella to fill"
"C,14,AO","C","14","AO","23","mik_Gg.avi","Male","AV_C","7","2670.87",1,1,1,-1,"Correct"
"C,14,AO","C","14","AO","5","lor_Da.avi","Female","AO","4","2952.47",1,1,-1,-1,"Correct"
"C,14,AO","C","14","AO","15","mik_Bg.avi","Male","AV_M","2","-2957.07",0,-2,-2,-2,"Ella to fill"
"C,14,AO","C","14","AO","22","mik_Gb.avi","Male","AV_M","7","-3240.64",0,-2,-2,-2,"Ella to fill"
"C,14,AO","C","14","AO","7","lor_Dd.avi","Female","AV_C","4","2696.56",1,1,1,-1,"Correct"
"C,14,AO","C","14","AO","8","lor_Dv.avi","Female","VO","4","3843.53",1,-1,1,0,"Correct"
"C,14,AO","C","14","AO","2","lor_Bb.avi","Female","AV_C","2","2479.93",1,1,1,-1,"Correct"
"C,14,AO","C","14","AO","13","mik_Ba.avi","Male","AO","2","3060.24",1,1,-1,-1,"Correct"
"C,14,AO","C","14","AO","20","mik_Dv.avi","Male","VO","4","2366.16",1,-1,1,0,"Correct"
"C,14,AO","C","14","AO","16","mik_Bv.avi","Male","VO","2","2320.43",1,-1,1,0,"Correct"
"C,14,AO","C","14","AO","3","lor_Bg.avi","Female","AV_M","2","-2962.05",0,-2,-2,-2,"Ella to fill"
"C,14,AO","C","14","AO","10","lor_Gb.avi","Female","AV_M","7","-2576.00",0,-2,-2,-2,"Ella to fill"
"C,14,AO","C","14","AO","21","mik_Ga.avi","Male","AO","7","2653.22",1,1,-1,-1,"Correct"
"C,14,AO","C","14","AO","17","mik_Da.avi","Male","AO","4","2157.50",1,1,-1,-1,"Correct"
"C,14,AO","C","14","AO","6","lor_Db.avi","Female","AV_M","4","-3331.74",0,-2,-2,-2,"Ella to fill"
"C,14,AO","C","14","AO","24","mik_Gv.avi","Male","VO","4","-2389.33",0,-1,0,1,"Incorrect"
"C,14,AO","C","14","AO","4","lor_Bv.avi","Female","VO","2","2626.19",1,-1,1,0,"Correct"
"C,14,AO","C","14","AO","1","lor_Ba.avi","Female","AO","2","2559.16",1,1,-1,-1,"Correct"
"C,14,AO","C","14","AO","44","mik_Dv.avi","Male","VO","4","2226.79",1,-1,1,0,"Correct"
"C,14,AO","C","14","AO","47","mik_Gg.avi","Male","AV_C","7","2241.71",1,1,1,-1,"Correct"
"C,14,AO","C","14","AO","38","mik_Bb.avi","Male","AV_C","2","2232.26",1,1,1,-1,"Correct"
"C,14,AO","C","14","AO","45","mik_Ga.avi","Male","AO","7","2193.21",1,1,-1,-1,"Correct"
"C,14,AO","C","14","AO","26","lor_Bb.avi","Female","AV_C","2","2250.47",1,1,1,-1,"Correct"
"C,14,AO","C","14","AO","27","lor_Bg.avi","Female","AV_M","2","-2301.44",0,-2,-2,-2,"Ella to fill"
"C,14,AO","C","14","AO","25","lor_Ba.avi","Female","AO","2","2781.05",1,1,-1,-1,"Correct"
"C,14,AO","C","14","AO","33","lor_Ga.avi","Female","AO","7","2393.67",1,1,-1,-1,"Correct"
"C,14,AO","C","14","AO","32","lor_Dv.avi","Female","VO","4","2328.91",1,-1,1,0,"Correct"
"C,14,AO","C","14","AO","43","mik_Dd.avi","Male","AV_C","4","2180.84",1,1,1,-1,"Correct"
"C,14,AO","C","14","AO","34","lor_Gb.avi","Female","AV_M","7","-2432.49",0,-2,-2,-2,"Ella to fill"
"C,14,AO","C","14","AO","48","mik_Gv.avi","Male","VO","4","-2869.77",0,-1,0,1,"Incorrect"
"C,14,AO","C","14","AO","29","lor_Da.avi","Female","AO","4","2322.68",1,1,-1,-1,"Correct"
"C,14,AO","C","14","AO","35","lor_Gg.avi","Female","AV_C","7","2279.60",1,1,1,-1,"Correct"
"C,14,AO","C","14","AO","28","lor_Bv.avi","Female","VO","2","2080.74",1,-1,1,0,"Correct"
"C,14,AO","C","14","AO","39","mik_Bg.avi","Male","AV_M","2","-2884.88",0,-2,-2,-2,"Ella to fill"
"C,14,AO","C","14","AO","42","mik_Db.avi","Male","AV_M","4","-2629.10",0,-2,-2,-2,"Ella to fill"
"C,14,AO","C","14","AO","37","mik_Ba.avi","Male","AO","2","2549.69",1,1,-1,-1,"Correct"
"C,14,AO","C","14","AO","30","lor_Db.avi","Female","AV_M","4","-2413.96",0,-2,-2,-2,"Ella to fill"
"C,14,AO","C","14","AO","31","lor_Dd.avi","Female","AV_C","4","2461.92",1,1,1,-1,"Correct"
"C,14,AO","C","14","AO","41","mik_Da.avi","Male","AO","4","2393.18",1,1,-1,-1,"Correct"
"C,14,AO","C","14","AO","40","mik_Bv.avi","Male","VO","2","2248.78",1,-1,1,0,"Correct"
"C,14,AO","C","14","AO","36","lor_Gv.avi","Female","VO","7","2929.41",1,-1,1,0,"Correct"
"C,14,AO","C","14","AO","46","mik_Gb.avi","Male","AV_M","7","-2889.03",0,-2,-2,-2,"Ella to fill"
"C,14,AO","C","14","AO","90","mik_Db_4dB.avi","Male","AV_M","4","-3282.94",0,-2,-2,-2,"Ella to fill"
"C,14,AO","C","14","AO","82","lor_Gb_4dB.avi","Female","AV_M","7","-1951.95",0,-2,-2,-2,"Ella to fill"
"C,14,AO","C","14","AO","92","mik_Dv_4dB.avi","Male","VO","4","2239.55",1,-1,1,0,"Correct"
"C,14,AO","C","14","AO","88","mik_Bv_4dB.avi","Male","VO","2","2087.52",1,-1,1,0,"Correct"
"C,14,AO","C","14","AO","87","mik_Bg_4dB.avi","Male","AV_M","2","-3110.75",0,-2,-2,-2,"Ella to fill"
"C,14,AO","C","14","AO","86","mik_Bb_4dB.avi","Male","AV_C","2","2134.81",1,1,1,-1,"Correct"
"C,14,AO","C","14","AO","73","lor_Ba_4dB.avi","Female","AO","2","2491.99",1,1,-1,-1,"Correct"
"C,14,AO","C","14","AO","83","lor_Gg_4dB.avi","Female","AV_C","7","2059.62",1,1,1,-1,"Correct"
"C,14,AO","C","14","AO","77","lor_Da_4dB.avi","Female","AO","4","2281.25",1,1,-1,-1,"Correct"
"C,14,AO","C","14","AO","91","mik_Dd_4dB.avi","Male","AV_C","4","2226.92",1,1,1,-1,"Correct"
"C,14,AO","C","14","AO","78","lor_Db_4dB.avi","Female","AV_M","4","-2783.47",0,-2,-2,-2,"Ella to fill"
"C,14,AO","C","14","AO","76","lor_Bv_4dB.avi","Female","VO","2","2378.12",1,-1,1,0,"Correct"
"C,14,AO","C","14","AO","89","mik_Da_4dB.avi","Male","AO","4","2443.12",1,1,-1,-1,"Correct"
"C,14,AO","C","14","AO","79","lor_Dd_4dB.avi","Female","AV_C","4","2071.40",1,1,1,-1,"Correct"
"C,14,AO","C","14","AO","94","mik_Gb_4dB.avi","Male","AV_M","7","-2250.34",0,-2,-2,-2,"Ella to fill"
"C,14,AO","C","14","AO","84","lor_Gv_4dB.avi","Female","VO","2","-3361.46",0,-1,0,1,"Incorrect"
"C,14,AO","C","14","AO","80","lor_Dv_4dB.avi","Female","VO","4","2195.54",1,-1,1,0,"Correct"
"C,14,AO","C","14","AO","75","lor_Bg_4dB.avi","Female","AV_M","2","-2559.09",0,-2,-2,-2,"Ella to fill"
"C,14,AO","C","14","AO","95","mik_Gg_4dB.avi","Male","AV_C","7","3066.06",1,1,1,-1,"Correct"
"C,14,AO","C","14","AO","81","lor_Ga_4dB.avi","Female","AO","7","2618.63",1,1,-1,-1,"Correct"
"C,14,AO","C","14","AO","96","mik_Gv_4dB.avi","Male","VO","7","2684.91",1,-1,1,0,"Correct"
"C,14,AO","C","14","AO","93","mik_Ga_4dB.avi","Male","AO","4","-2344.11",0,0,-1,-1,"Incorrect"
"C,14,AO","C","14","AO","85","mik_Ba_4dB.avi","Male","AO","2","2289.43",1,1,-1,-1,"Correct"
"C,14,AO","C","14","AO","74","lor_Bb_4dB.avi","Female","AV_C","2","1977.04",1,1,1,-1,"Correct"
"C,14,AO","C","14","AO","63","mik_Bg_4dB.avi","Male","AV_M","7","-2483.69",0,-2,-2,-2,"Ella to fill"
"C,14,AO","C","14","AO","57","lor_Ga_4dB.avi","Female","AO","7","2370.98",1,1,-1,-1,"Correct"
"C,14,AO","C","14","AO","56","lor_Dv_4dB.avi","Female","VO","4","2166.90",1,-1,1,0,"Correct"
"C,14,AO","C","14","AO","51","lor_Bg_4dB.avi","Female","AV_M","2","-2174.96",0,-2,-2,-2,"Ella to fill"
"C,14,AO","C","14","AO","70","mik_Gb_4dB.avi","Male","AV_M","7","-2223.90",0,-2,-2,-2,"Ella to fill"
"C,14,AO","C","14","AO","71","mik_Gg_4dB.avi","Male","AV_C","7","2155.47",1,1,1,-1,"Correct"
"C,14,AO","C","14","AO","62","mik_Bb_4dB.avi","Male","AV_C","2","2274.73",1,1,1,-1,"Correct"
"C,14,AO","C","14","AO","55","lor_Dd_4dB.avi","Female","AV_C","4","2020.35",1,1,1,-1,"Correct"
"C,14,AO","C","14","AO","58","lor_Gb_4dB.avi","Female","AV_M","7","-2311.37",0,-2,-2,-2,"Ella to fill"
"C,14,AO","C","14","AO","53","lor_Da_4dB.avi","Female","AO","4","2608.24",1,1,-1,-1,"Correct"
"C,14,AO","C","14","AO","64","mik_Bv_4dB.avi","Male","VO","2","2239.24",1,-1,1,0,"Correct"
"C,14,AO","C","14","AO","49","lor_Ba_4dB.avi","Female","AO","2","2080.82",1,1,-1,-1,"Correct"
"C,14,AO","C","14","AO","59","lor_Gg_4dB.avi","Female","AV_C","7","2106.10",1,1,1,-1,"Correct"
"C,14,AO","C","14","AO","66","mik_Db_4dB.avi","Male","AV_M","4","-2917.40",0,-2,-2,-2,"Ella to fill"
"C,14,AO","C","14","AO","50","lor_Bb_4dB.avi","Female","AV_C","2","1994.03",1,1,1,-1,"Correct"
"C,14,AO","C","14","AO","61","mik_Ba_4dB.avi","Male","AO","2","2286.35",1,1,-1,-1,"Correct"
"C,14,AO","C","14","AO","60","lor_Gv_4dB.avi","Female","VO","7","2882.95",1,-1,1,0,"Correct"
"C,14,AO","C","14","AO","67","mik_Dd_4dB.avi","Male","AV_C","4","2145.93",1,1,1,-1,"Correct"
"C,14,AO","C","14","AO","69","mik_Ga_4dB.avi","Male","AO","2","-2299.52",0,0,-1,-1,"Incorrect"
"C,14,AO","C","14","AO","65","mik_Da_4dB.avi","Male","AO","4","2246.80",1,1,-1,-1,"Correct"
"C,14,AO","C","14","AO","68","mik_Dv_4dB.avi","Male","VO","4","2605.43",1,-1,1,0,"Correct"
"C,14,AO","C","14","AO","52","lor_Bv_4dB.avi","Female","VO","2","2861.35",1,-1,1,0,"Correct"
"C,14,AO","C","14","AO","54","lor_Db_4dB.avi","Female","AV_M","4","-2316.99",0,-2,-2,-2,"Ella to fill"
"C,14,AO","C","14","AO","72","mik_Gv_4dB.avi","Male","VO","7","2204.29",1,-1,1,0,"Correct"
"C,7,DD","C","7","DD","22","mik_Gb.avi","Male","AV_M","7","-2548.28",0,-2,-2,-2,"Ella to fill"
"C,7,DD","C","7","DD","24","mik_Gv.avi","Male","VO",,"No Responses.",0,-1,0,1,"Incorrect"
"C,7,DD","C","7","DD","15","mik_Bg.avi","Male","AV_M","2","-2937.93",0,-2,-2,-2,"Ella to fill"
"C,7,DD","C","7","DD","6","lor_Db.avi","Female","AV_M","4","-3027.49",0,-2,-2,-2,"Ella to fill"
"C,7,DD","C","7","DD","21","mik_Ga.avi","Male","AO","7","2626.45",1,1,-1,-1,"Correct"
"C,7,DD","C","7","DD","7","lor_Dd.avi","Female","AV_C","4","3126.72",1,1,1,-1,"Correct"
"C,7,DD","C","7","DD","4","lor_Bv.avi","Female","VO","2","4835.96",1,-1,1,0,"Correct"
"C,7,DD","C","7","DD","11","lor_Gg.avi","Female","AV_C","7","2829.11",1,1,1,-1,"Correct"
"C,7,DD","C","7","DD","10","lor_Gb.avi","Female","AV_M","7","-2076.75",0,-2,-2,-2,"Ella to fill"
"C,7,DD","C","7","DD","17","mik_Da.avi","Male","AO","4","3991.67",1,1,-1,-1,"Correct"
"C,7,DD","C","7","DD","12","lor_Gv.avi","Female","VO","2","-4393.71",0,-1,0,1,"Incorrect"
"C,7,DD","C","7","DD","23","mik_Gg.avi","Male","AV_C","7","2340.64",1,1,1,-1,"Correct"
"C,7,DD","C","7","DD","3","lor_Bg.avi","Female","AV_M","2","-2599.91",0,-2,-2,-2,"Ella to fill"
"C,7,DD","C","7","DD","13","mik_Ba.avi","Male","AO","2","2587.13",1,1,-1,-1,"Correct"
"C,7,DD","C","7","DD","9","lor_Ga.avi","Female","AO","7","3102.72",1,1,-1,-1,"Correct"
"C,7,DD","C","7","DD","20","mik_Dv.avi","Male","VO","4","3873.31",1,-1,1,0,"Correct"
"C,7,DD","C","7","DD","8","lor_Dv.avi","Female","VO","4","3492.41",1,-1,1,0,"Correct"
"C,7,DD","C","7","DD","16","mik_Bv.avi","Male","VO","4","-2366.94",0,-1,0,1,"Incorrect"
"C,7,DD","C","7","DD","19","mik_Dd.avi","Male","AV_C","4","3305.55",1,1,1,-1,"Correct"
"C,7,DD","C","7","DD","18","mik_Db.avi","Male","AV_M","4","-2400.11",0,-2,-2,-2,"Ella to fill"
"C,7,DD","C","7","DD","2","lor_Bb.avi","Female","AV_C","7","-2106.10",0,0,0,-1,"Incorrect"
"C,7,DD","C","7","DD","1","lor_Ba.avi","Female","AO","2","3248.02",1,1,-1,-1,"Correct"
"C,7,DD","C","7","DD","5","lor_Da.avi","Female","AO","4","2556.71",1,1,-1,-1,"Correct"
"C,7,DD","C","7","DD","14","mik_Bb.avi","Male","AV_C","2","2553.28",1,1,1,-1,"Correct"
"C,7,DD","C","7","DD","44","mik_Dv.avi","Male","VO","7","-3324.92",0,-1,0,1,"Incorrect"
"C,7,DD","C","7","DD","34","lor_Gb.avi","Female","AV_M","7","-2462.82",0,-2,-2,-2,"Ella to fill"
"C,7,DD","C","7","DD","39","mik_Bg.avi","Male","AV_M","2","-2405.45",0,-2,-2,-2,"Ella to fill"
"C,7,DD","C","7","DD","45","mik_Ga.avi","Male","AO","7","2544.70",1,1,-1,-1,"Correct"
"C,7,DD","C","7","DD","37","mik_Ba.avi","Male","AO","2","3023.91",1,1,-1,-1,"Correct"
"C,7,DD","C","7","DD","42","mik_Db.avi","Male","AV_M","2","2602.21",1,-2,-2,-2,"Ella to fill"
"C,7,DD","C","7","DD","41","mik_Da.avi","Male","AO","4","2413.79",1,1,-1,-1,"Correct"
"C,7,DD","C","7","DD","31","lor_Dd.avi","Female","AV_C","4","2587.43",1,1,1,-1,"Correct"
"C,7,DD","C","7","DD","33","lor_Ga.avi","Female","AO","7","2036.61",1,1,-1,-1,"Correct"
"C,7,DD","C","7","DD","32","lor_Dv.avi","Female","VO","7","-2264.58",0,-1,0,1,"Incorrect"
"C,7,DD","C","7","DD","48","mik_Gv.avi","Male","VO","2","-2333.20",0,-1,0,1,"Incorrect"
"C,7,DD","C","7","DD","47","mik_Gg.avi","Male","AV_C","7","2614.76",1,1,1,-1,"Correct"
"C,7,DD","C","7","DD","26","lor_Bb.avi","Female","AV_C","2","2441.34",1,1,1,-1,"Correct"
"C,7,DD","C","7","DD","40","mik_Bv.avi","Male","VO","4","-2581.28",0,-1,0,1,"Incorrect"
"C,7,DD","C","7","DD","38","mik_Bb.avi","Male","AV_C","2","2571.58",1,1,1,-1,"Correct"
"C,7,DD","C","7","DD","36","lor_Gv.avi","Female","VO","7","3952.81",1,-1,1,0,"Correct"
"C,7,DD","C","7","DD","25","lor_Ba.avi","Female","AO","2","2260.22",1,1,-1,-1,"Correct"
"C,7,DD","C","7","DD","27","lor_Bg.avi","Female","AV_M","2","-2146.87",0,-2,-2,-2,"Ella to fill"
"C,7,DD","C","7","DD","30","lor_Db.avi","Female","AV_M","4","-2227.51",0,-2,-2,-2,"Ella to fill"
"C,7,DD","C","7","DD","29","lor_Da.avi","Female","AO","4","2182.11",1,1,-1,-1,"Correct"
"C,7,DD","C","7","DD","46","mik_Gb.avi","Male","AV_M","7","-2053.74",0,-2,-2,-2,"Ella to fill"
"C,7,DD","C","7","DD","35","lor_Gg.avi","Female","AV_C","7","2119.36",1,1,1,-1,"Correct"
"C,7,DD","C","7","DD","43","mik_Dd.avi","Male","AV_C","4","2187.97",1,1,1,-1,"Correct"
"C,7,DD","C","7","DD","28","lor_Bv.avi","Female","VO","2","2292.25",1,-1,1,0,"Correct"
"C,7,DD","C","7","DD","76","lor_Bv_4dB.avi","Female","VO","2","2712.56",1,-1,1,0,"Correct"
"C,7,DD","C","7","DD","88","mik_Bv_4dB.avi","Male","VO","4","-2254.56",0,-1,0,1,"Incorrect"
"C,7,DD","C","7","DD","81","lor_Ga_4dB.avi","Female","AO","7","2413.14",1,1,-1,-1,"Correct"
"C,7,DD","C","7","DD","93","mik_Ga_4dB.avi","Male","AO","7","2793.12",1,1,-1,-1,"Correct"
"C,7,DD","C","7","DD","96","mik_Gv_4dB.avi","Male","VO","4","-2500.72",0,-1,0,1,"Incorrect"
"C,7,DD","C","7","DD","83","lor_Gg_4dB.avi","Female","AV_C","7","2030.61",1,1,1,-1,"Correct"
"C,7,DD","C","7","DD","78","lor_Db_4dB.avi","Female","AV_M","2","3271.58",1,-2,-2,-2,"Ella to fill"
"C,7,DD","C","7","DD","89","mik_Da_4dB.avi","Male","AO","4","2311.87",1,1,-1,-1,"Correct"
"C,7,DD","C","7","DD","85","mik_Ba_4dB.avi","Male","AO","2","3603.76",1,1,-1,-1,"Correct"
"C,7,DD","C","7","DD","90","mik_Db_4dB.avi","Male","AV_M","4","-2092.63",0,-2,-2,-2,"Ella to fill"
"C,7,DD","C","7","DD","87","mik_Bg_4dB.avi","Male","AV_M","2","-2456.89",0,-2,-2,-2,"Ella to fill"
"C,7,DD","C","7","DD","80","lor_Dv_4dB.avi","Female","VO","4","2465.09",1,-1,1,0,"Correct"
"C,7,DD","C","7","DD","86","mik_Bb_4dB.avi","Male","AV_C","2","2187.44",1,1,1,-1,"Correct"
"C,7,DD","C","7","DD","95","mik_Gg_4dB.avi","Male","AV_C","7","1818.57",1,1,1,-1,"Correct"
"C,7,DD","C","7","DD","77","lor_Da_4dB.avi","Female","AO","7","-2033.91",0,0,-1,-1,"Incorrect"
"C,7,DD","C","7","DD","84","lor_Gv_4dB.avi","Female","VO","2","-3477.22",0,-1,0,1,"Incorrect"
"C,7,DD","C","7","DD","91","mik_Dd_4dB.avi","Male","AV_C","4","1860.77",1,1,1,-1,"Correct"
"C,7,DD","C","7","DD","79","lor_Dd_4dB.avi","Female","AV_C","7","-1892.38",0,0,0,-1,"Incorrect"
"C,7,DD","C","7","DD","92","mik_Dv_4dB.avi","Male","VO","2","-2206.61",0,-1,0,1,"Incorrect"
"C,7,DD","C","7","DD","74","lor_Bb_4dB.avi","Female","AV_C","7","-2394.27",0,0,0,-1,"Incorrect"
"C,7,DD","C","7","DD","73","lor_Ba_4dB.avi","Female","AO","2","2383.16",1,1,-1,-1,"Correct"
"C,7,DD","C","7","DD","82","lor_Gb_4dB.avi","Female","AV_M","7","-2483.18",0,-2,-2,-2,"Ella to fill"
"C,7,DD","C","7","DD","75","lor_Bg_4dB.avi","Female","AV_M","2","-2054.20",0,-2,-2,-2,"Ella to fill"
"C,7,DD","C","7","DD","94","mik_Gb_4dB.avi","Male","AV_M","7","-2593.07",0,-2,-2,-2,"Ella to fill"
"C,7,DD","C","7","DD","66","mik_Db_4dB.avi","Male","AV_M","4","-2483.52",0,-2,-2,-2,"Ella to fill"
"C,7,DD","C","7","DD","53","lor_Da_4dB.avi","Female","AO","7","-1978.15",0,0,-1,-1,"Incorrect"
"C,7,DD","C","7","DD","54","lor_Db_4dB.avi","Female","AV_M","7","-2801.81",0,-2,-2,-2,"Ella to fill"
"C,7,DD","C","7","DD","72","mik_Gv_4dB.avi","Male","VO","4","-3055.77",0,-1,0,1,"Incorrect"
"C,7,DD","C","7","DD","67","mik_Dd_4dB.avi","Male","AV_C","4","2736.27",1,1,1,-1,"Correct"
"C,7,DD","C","7","DD","70","mik_Gb_4dB.avi","Male","AV_M","7","-2829.91",0,-2,-2,-2,"Ella to fill"
"C,7,DD","C","7","DD","56","lor_Dv_4dB.avi","Female","VO","2","-2082.56",0,-1,0,1,"Incorrect"
"C,7,DD","C","7","DD","50","lor_Bb_4dB.avi","Female","AV_C","2","2670.87",1,1,1,-1,"Correct"
"C,7,DD","C","7","DD","52","lor_Bv_4dB.avi","Female","VO","4","-2926.51",0,-1,0,1,"Incorrect"
"C,7,DD","C","7","DD","69","mik_Ga_4dB.avi","Male","AO","7","2269.16",1,1,-1,-1,"Correct"
"C,7,DD","C","7","DD","49","lor_Ba_4dB.avi","Female","AO","2","2782.42",1,1,-1,-1,"Correct"
"C,7,DD","C","7","DD","57","lor_Ga_4dB.avi","Female","AO","7","2636.98",1,1,-1,-1,"Correct"
"C,7,DD","C","7","DD","71","mik_Gg_4dB.avi","Male","AV_C","7","2031.32",1,1,1,-1,"Correct"
"C,7,DD","C","7","DD","63","mik_Bg_4dB.avi","Male","AV_M","2","-2047.13",0,-2,-2,-2,"Ella to fill"
"C,7,DD","C","7","DD","64","mik_Bv_4dB.avi","Male","VO","2","2598.97",1,-1,1,0,"Correct"
"C,7,DD","C","7","DD","65","mik_Da_4dB.avi","Male","AO","4","2377.62",1,1,-1,-1,"Correct"
"C,7,DD","C","7","DD","60","lor_Gv_4dB.avi","Female","VO","4","-2718.89",0,-1,0,1,"Incorrect"
"C,7,DD","C","7","DD","61","mik_Ba_4dB.avi","Male","AO","2","2779.49",1,1,-1,-1,"Correct"
"C,7,DD","C","7","DD","68","mik_Dv_4dB.avi","Male","VO","7","-2975.43",0,-1,0,1,"Incorrect"
"C,7,DD","C","7","DD","58","lor_Gb_4dB.avi","Female","AV_M","7","-2863.09",0,-2,-2,-2,"Ella to fill"
"C,7,DD","C","7","DD","59","lor_Gg_4dB.avi","Female","AV_C","7","1859.40",1,1,1,-1,"Correct"
"C,7,DD","C","7","DD","51","lor_Bg_4dB.avi","Female","AV_M","2","-1826.35",0,-2,-2,-2,"Ella to fill"
"C,7,DD","C","7","DD","62","mik_Bb_4dB.avi","Male","AV_C","2","2038.95",1,1,1,-1,"Correct"
"C,7,DD","C","7","DD","55","lor_Dd_4dB.avi","Female","AV_C","7","-1910.24",0,0,0,-1,"Incorrect"
"C,15,MD","C","15","MD","12","lor_Gv.avi","Female","VO","7","2959.53",1,-1,1,0,"Correct"
"C,15,MD","C","15","MD","8","lor_Dv.avi","Female","VO","4","2602.65",1,-1,1,0,"Correct"
"C,15,MD","C","15","MD","14","mik_Bb.avi","Male","AV_C","2","2407.27",1,1,1,-1,"Correct"
"C,15,MD","C","15","MD","17","mik_Da.avi","Male","AO","4","2684.88",1,1,-1,-1,"Correct"
"C,15,MD","C","15","MD","7","lor_Dd.avi","Female","AV_C","4","2150.47",1,1,1,-1,"Correct"
"C,15,MD","C","15","MD","21","mik_Ga.avi","Male","AO","7","2263.43",1,1,-1,-1,"Correct"
"C,15,MD","C","15","MD","5","lor_Da.avi","Female","AO","4","2232.29",1,1,-1,-1,"Correct"
"C,15,MD","C","15","MD","18","mik_Db.avi","Male","AV_M","4","-3003.09",0,-2,-2,-2,"Ella to fill"
"C,15,MD","C","15","MD","15","mik_Bg.avi","Male","AV_M","2","-2381.61",0,-2,-2,-2,"Ella to fill"
"C,15,MD","C","15","MD","1","lor_Ba.avi","Female","AO","2","3450.46",1,1,-1,-1,"Correct"
"C,15,MD","C","15","MD","10","lor_Gb.avi","Female","AV_M","7","-2106.72",0,-2,-2,-2,"Ella to fill"
"C,15,MD","C","15","MD","24","mik_Gv.avi","Male","VO","7","2079.34",1,-1,1,0,"Correct"
"C,15,MD","C","15","MD","19","mik_Dd.avi","Male","AV_C","4","2292.16",1,1,1,-1,"Correct"
"C,15,MD","C","15","MD","9","lor_Ga.avi","Female","AO","7","2418.44",1,1,-1,-1,"Correct"
"C,15,MD","C","15","MD","2","lor_Bb.avi","Female","AV_C","2","1952.42",1,1,1,-1,"Correct"
"C,15,MD","C","15","MD","3","lor_Bg.avi","Female","AV_M","2","-2494.01",0,-2,-2,-2,"Ella to fill"
"C,15,MD","C","15","MD","11","lor_Gg.avi","Female","AV_C","7","2317.97",1,1,1,-1,"Correct"
"C,15,MD","C","15","MD","6","lor_Db.avi","Female","AV_M","4","-2171.25",0,-2,-2,-2,"Ella to fill"
"C,15,MD","C","15","MD","4","lor_Bv.avi","Female","VO","2","2190.56",1,-1,1,0,"Correct"
"C,15,MD","C","15","MD","16","mik_Bv.avi","Male","VO","2","2819.49",1,-1,1,0,"Correct"
"C,15,MD","C","15","MD","23","mik_Gg.avi","Male","AV_C","7","2169.46",1,1,1,-1,"Correct"
"C,15,MD","C","15","MD","13","mik_Ba.avi","Male","AO","2","2431.60",1,1,-1,-1,"Correct"
"C,15,MD","C","15","MD","22","mik_Gb.avi","Male","AV_M","7","-2658.55",0,-2,-2,-2,"Ella to fill"
"C,15,MD","C","15","MD","20","mik_Dv.avi","Male","VO","4","2254.14",1,-1,1,0,"Correct"
"C,15,MD","C","15","MD","39","mik_Bg.avi","Male","AV_M","2","-2285.18",0,-2,-2,-2,"Ella to fill"
"C,15,MD","C","15","MD","37","mik_Ba.avi","Male","AO","2","2438.34",1,1,-1,-1,"Correct"
"C,15,MD","C","15","MD","40","mik_Bv.avi","Male","VO","2","1969.82",1,-1,1,0,"Correct"
"C,15,MD","C","15","MD","44","mik_Dv.avi","Male","VO","4","1688.34",1,-1,1,0,"Correct"
"C,15,MD","C","15","MD","42","mik_Db.avi","Male","AV_M","4","-2234.57",0,-2,-2,-2,"Ella to fill"
"C,15,MD","C","15","MD","47","mik_Gg.avi","Male","AV_C","7","1898.52",1,1,1,-1,"Correct"
"C,15,MD","C","15","MD","38","mik_Bb.avi","Male","AV_C","2","2739.75",1,1,1,-1,"Correct"
"C,15,MD","C","15","MD","26","lor_Bb.avi","Female","AV_C","2","2079.37",1,1,1,-1,"Correct"
"C,15,MD","C","15","MD","48","mik_Gv.avi","Male","VO","7","2322.00",1,-1,1,0,"Correct"
"C,15,MD","C","15","MD","33","lor_Ga.avi","Female","AO","7","2785.22",1,1,-1,-1,"Correct"
"C,15,MD","C","15","MD","25","lor_Ba.avi","Female","AO","2","2607.83",1,1,-1,-1,"Correct"
"C,15,MD","C","15","MD","32","lor_Dv.avi","Female","VO","7","-2145.78",0,-1,0,1,"Incorrect"
"C,15,MD","C","15","MD","30","lor_Db.avi","Female","AV_M","4","-2286.04",0,-2,-2,-2,"Ella to fill"
"C,15,MD","C","15","MD","36","lor_Gv.avi","Female","VO","7","2322.02",1,-1,1,0,"Correct"
"C,15,MD","C","15","MD","34","lor_Gb.avi","Female","AV_M","7","-2098.29",0,-2,-2,-2,"Ella to fill"
"C,15,MD","C","15","MD","41","mik_Da.avi","Male","AO","4","2519.25",1,1,-1,-1,"Correct"
"C,15,MD","C","15","MD","28","lor_Bv.avi","Female","VO","2","2470.22",1,-1,1,0,"Correct"
"C,15,MD","C","15","MD","27","lor_Bg.avi","Female","AV_M","2","-2200.15",0,-2,-2,-2,"Ella to fill"
"C,15,MD","C","15","MD","45","mik_Ga.avi","Male","AO","7","2536.42",1,1,-1,-1,"Correct"
"C,15,MD","C","15","MD","46","mik_Gb.avi","Male","AV_M","7","-2041.02",0,-2,-2,-2,"Ella to fill"
"C,15,MD","C","15","MD","43","mik_Dd.avi","Male","AV_C","4","2953.63",1,1,1,-1,"Correct"
"C,15,MD","C","15","MD","31","lor_Dd.avi","Female","AV_C","4","2864.83",1,1,1,-1,"Correct"
"C,15,MD","C","15","MD","35","lor_Gg.avi","Female","AV_C","7","1970.17",1,1,1,-1,"Correct"
"C,15,MD","C","15","MD","29","lor_Da.avi","Female","AO","4","2362.78",1,1,-1,-1,"Correct"
"C,15,MD","C","15","MD","86","mik_Bb_4dB.avi","Male","AV_C","2","2179.93",1,1,1,-1,"Correct"
"C,15,MD","C","15","MD","74","lor_Bb_4dB.avi","Female","AV_C","2","2121.60",1,1,1,-1,"Correct"
"C,15,MD","C","15","MD","95","mik_Gg_4dB.avi","Male","AV_C","7","2189.54",1,1,1,-1,"Correct"
"C,15,MD","C","15","MD","87","mik_Bg_4dB.avi","Male","AV_M","2","-2714.76",0,-2,-2,-2,"Ella to fill"
"C,15,MD","C","15","MD","92","mik_Dv_4dB.avi","Male","VO","4","2037.67",1,-1,1,0,"Correct"
"C,15,MD","C","15","MD","90","mik_Db_4dB.avi","Male","AV_M","4","-2140.30",0,-2,-2,-2,"Ella to fill"
"C,15,MD","C","15","MD","85","mik_Ba_4dB.avi","Male","AO","2","2328.58",1,1,-1,-1,"Correct"
"C,15,MD","C","15","MD","78","lor_Db_4dB.avi","Female","AV_M","4","-2431.55",0,-2,-2,-2,"Ella to fill"
"C,15,MD","C","15","MD","94","mik_Gb_4dB.avi","Male","AV_M","7","-2347.48",0,-2,-2,-2,"Ella to fill"
"C,15,MD","C","15","MD","81","lor_Ga_4dB.avi","Female","AO","7","2962.45",1,1,-1,-1,"Correct"
"C,15,MD","C","15","MD","73","lor_Ba_4dB.avi","Female","AO","2","2298.41",1,1,-1,-1,"Correct"
"C,15,MD","C","15","MD","77","lor_Da_4dB.avi","Female","AO","4","2041.40",1,1,-1,-1,"Correct"
"C,15,MD","C","15","MD","80","lor_Dv_4dB.avi","Female","VO","7","-2595.03",0,-1,0,1,"Incorrect"
"C,15,MD","C","15","MD","84","lor_Gv_4dB.avi","Female","VO","2","-5980.61",0,-1,0,1,"Incorrect"
"C,15,MD","C","15","MD","93","mik_Ga_4dB.avi","Male","AO","7","2350.76",1,1,-1,-1,"Correct"
"C,15,MD","C","15","MD","79","lor_Dd_4dB.avi","Female","AV_C","4","2307.04",1,1,1,-1,"Correct"
"C,15,MD","C","15","MD","91","mik_Dd_4dB.avi","Male","AV_C","4","2159.01",1,1,1,-1,"Correct"
"C,15,MD","C","15","MD","75","lor_Bg_4dB.avi","Female","AV_M","2","-2513.25",0,-2,-2,-2,"Ella to fill"
"C,15,MD","C","15","MD","88","mik_Bv_4dB.avi","Male","VO","2","2564.21",1,-1,1,0,"Correct"
"C,15,MD","C","15","MD","89","mik_Da_4dB.avi","Male","AO","4","2490.84",1,1,-1,-1,"Correct"
"C,15,MD","C","15","MD","96","mik_Gv_4dB.avi","Male","VO","7","3044.12",1,-1,1,0,"Correct"
"C,15,MD","C","15","MD","82","lor_Gb_4dB.avi","Female","AV_M","7","-2294.71",0,-2,-2,-2,"Ella to fill"
"C,15,MD","C","15","MD","83","lor_Gg_4dB.avi","Female","AV_C","7","2191.35",1,1,1,-1,"Correct"
"C,15,MD","C","15","MD","76","lor_Bv_4dB.avi","Female","VO","2","2258.30",1,-1,1,0,"Correct"
"C,15,MD","C","15","MD","70","mik_Gb_4dB.avi","Male","AV_M","7","-2518.21",0,-2,-2,-2,"Ella to fill"
"C,15,MD","C","15","MD","66","mik_Db_4dB.avi","Male","AV_M","4","-2104.17",0,-2,-2,-2,"Ella to fill"
"C,15,MD","C","15","MD","54","lor_Db_4dB.avi","Female","AV_M","7","-2394.12",0,-2,-2,-2,"Ella to fill"
"C,15,MD","C","15","MD","60","lor_Gv_4dB.avi","Female","VO","4","-5511.70",0,-1,0,1,"Incorrect"
"C,15,MD","C","15","MD","64","mik_Bv_4dB.avi","Male","VO","2","2299.98",1,-1,1,0,"Correct"
"C,15,MD","C","15","MD","58","lor_Gb_4dB.avi","Female","AV_M","7","-2790.14",0,-2,-2,-2,"Ella to fill"
"C,15,MD","C","15","MD","61","mik_Ba_4dB.avi","Male","AO","2","2824.97",1,1,-1,-1,"Correct"
"C,15,MD","C","15","MD","55","lor_Dd_4dB.avi","Female","AV_C","7","-2175.13",0,0,0,-1,"Incorrect"
"C,15,MD","C","15","MD","53","lor_Da_4dB.avi","Female","AO","7","-2272.91",0,0,-1,-1,"Incorrect"
"C,15,MD","C","15","MD","68","mik_Dv_4dB.avi","Male","VO","4","2435.44",1,-1,1,0,"Correct"
"C,15,MD","C","15","MD","69","mik_Ga_4dB.avi","Male","AO","7","2722.07",1,1,-1,-1,"Correct"
"C,15,MD","C","15","MD","52","lor_Bv_4dB.avi","Female","VO","2","2260.36",1,-1,1,0,"Correct"
"C,15,MD","C","15","MD","56","lor_Dv_4dB.avi","Female","VO","4","2665.94",1,-1,1,0,"Correct"
"C,15,MD","C","15","MD","59","lor_Gg_4dB.avi","Female","AV_C","7","2324.57",1,1,1,-1,"Correct"
"C,15,MD","C","15","MD","67","mik_Dd_4dB.avi","Male","AV_C","4","2187.55",1,1,1,-1,"Correct"
"C,15,MD","C","15","MD","49","lor_Ba_4dB.avi","Female","AO","2","2724.80",1,1,-1,-1,"Correct"
"C,15,MD","C","15","MD","57","lor_Ga_4dB.avi","Female","AO","7","1976.78",1,1,-1,-1,"Correct"
"C,15,MD","C","15","MD","63","mik_Bg_4dB.avi","Male","AV_M","2","-2680.38",0,-2,-2,-2,"Ella to fill"
"C,15,MD","C","15","MD","71","mik_Gg_4dB.avi","Male","AV_C","7","2422.64",1,1,1,-1,"Correct"
"C,15,MD","C","15","MD","62","mik_Bb_4dB.avi","Male","AV_C","2","2224.20",1,1,1,-1,"Correct"
"C,15,MD","C","15","MD","72","mik_Gv_4dB.avi","Male","VO","4","-2494.81",0,-1,0,1,"Incorrect"
"C,15,MD","C","15","MD","65","mik_Da_4dB.avi","Male","AO","4","2384.22",1,1,-1,-1,"Correct"
"C,15,MD","C","15","MD","50","lor_Bb_4dB.avi","Female","AV_C","2","2423.67",1,1,1,-1,"Correct"
"C,15,MD","C","15","MD","51","lor_Bg_4dB.avi","Female","AV_M","2","-2600.17",0,-2,-2,-2,"Ella to fill"
"C,12,CP","C","12","CP","27","lor_Bg.avi","Female","AV_M","2","-3301.57",0,-2,-2,-2,"Ella to fill"
"C,12,CP","C","12","CP","46","mik_Gb.avi","Male","AV_M","2","-3140.91",0,-2,-2,-2,"Ella to fill"
"C,12,CP","C","12","CP","35","lor_Gg.avi","Female","AV_C","7","2348.47",1,1,1,-1,"Correct"
"C,12,CP","C","12","CP","39","mik_Bg.avi","Male","AV_M","2","-3808.75",0,-2,-2,-2,"Ella to fill"
"C,12,CP","C","12","CP","28","lor_Bv.avi","Female","VO","2","2571.89",1,-1,1,0,"Correct"
"C,12,CP","C","12","CP","29","lor_Da.avi","Female","AO","4","2427.19",1,1,-1,-1,"Correct"
"C,12,CP","C","12","CP","30","lor_Db.avi","Female","AV_M","4","-3805.15",0,-2,-2,-2,"Ella to fill"
"C,12,CP","C","12","CP","41","mik_Da.avi","Male","AO","4","2319.89",1,1,-1,-1,"Correct"
"C,12,CP","C","12","CP","31","lor_Dd.avi","Female","AV_C","4","2482.81",1,1,1,-1,"Correct"
"C,12,CP","C","12","CP","48","mik_Gv.avi","Male","VO","7","2776.11",1,-1,1,0,"Correct"
"C,12,CP","C","12","CP","42","mik_Db.avi","Male","AV_M","2","3284.69",1,-2,-2,-2,"Ella to fill"
"C,12,CP","C","12","CP","33","lor_Ga.avi","Female","AO","7","2411.30",1,1,-1,-1,"Correct"
"C,12,CP","C","12","CP","36","lor_Gv.avi","Female","VO","4","-2887.23",0,-1,0,1,"Incorrect"
"C,12,CP","C","12","CP","38","mik_Bb.avi","Male","AV_C","2","2386.21",1,1,1,-1,"Correct"
"C,12,CP","C","12","CP","32","lor_Dv.avi","Female","VO","7","-2282.82",0,-1,0,1,"Incorrect"
"C,12,CP","C","12","CP","37","mik_Ba.avi","Male","AO","2","2470.77",1,1,-1,-1,"Correct"
"C,12,CP","C","12","CP","45","mik_Ga.avi","Male","AO","7","2613.63",1,1,-1,-1,"Correct"
"C,12,CP","C","12","CP","47","mik_Gg.avi","Male","AV_C","7","2499.04",1,1,1,-1,"Correct"
"C,12,CP","C","12","CP","25","lor_Ba.avi","Female","AO","2","2355.47",1,1,-1,-1,"Correct"
"C,12,CP","C","12","CP","43","mik_Dd.avi","Male","AV_C","4","2302.53",1,1,1,-1,"Correct"
"C,12,CP","C","12","CP","26","lor_Bb.avi","Female","AV_C","2","2400.66",1,1,1,-1,"Correct"
"C,12,CP","C","12","CP","34","lor_Gb.avi","Female","AV_M","2","-2243.41",0,-2,-2,-2,"Ella to fill"
"C,12,CP","C","12","CP","44","mik_Dv.avi","Male","VO","4","2467.32",1,-1,1,0,"Correct"
"C,12,CP","C","12","CP","40","mik_Bv.avi","Male","VO","2","2268.29",1,-1,1,0,"Correct"
"C,12,CP","C","12","CP","14","mik_Bb.avi","Male","AV_C","2","2372.29",1,1,1,-1,"Correct"
"C,12,CP","C","12","CP","9","lor_Ga.avi","Female","AO","7","2218.59",1,1,-1,-1,"Correct"
"C,12,CP","C","12","CP","3","lor_Bg.avi","Female","AV_M","4","2966.50",1,-2,-2,-2,"Ella to fill"
"C,12,CP","C","12","CP","10","lor_Gb.avi","Female","AV_M","2","-2560.81",0,-2,-2,-2,"Ella to fill"
"C,12,CP","C","12","CP","6","lor_Db.avi","Female","AV_M","4","-2609.78",0,-2,-2,-2,"Ella to fill"
"C,12,CP","C","12","CP","4","lor_Bv.avi","Female","VO","2","2263.10",1,-1,1,0,"Correct"
"C,12,CP","C","12","CP","13","mik_Ba.avi","Male","AO","2","2657.68",1,1,-1,-1,"Correct"
"C,12,CP","C","12","CP","20","mik_Dv.avi","Male","VO","7","-2723.29",0,-1,0,1,"Incorrect"
"C,12,CP","C","12","CP","12","lor_Gv.avi","Female","VO","4","-2645.56",0,-1,0,1,"Incorrect"
"C,12,CP","C","12","CP","11","lor_Gg.avi","Female","AV_C","7","2590.86",1,1,1,-1,"Correct"
"C,12,CP","C","12","CP","16","mik_Bv.avi","Male","VO","2","2152.17",1,-1,1,0,"Correct"
"C,12,CP","C","12","CP","19","mik_Dd.avi","Male","AV_C","4","2317.08",1,1,1,-1,"Correct"
"C,12,CP","C","12","CP","7","lor_Dd.avi","Female","AV_C","4","2596.30",1,1,1,-1,"Correct"
"C,12,CP","C","12","CP","21","mik_Ga.avi","Male","AO","7","2202.32",1,1,-1,-1,"Correct"
"C,12,CP","C","12","CP","1","lor_Ba.avi","Female","AO","2","2357.25",1,1,-1,-1,"Correct"
"C,12,CP","C","12","CP","17","mik_Da.avi","Male","AO","4","2677.90",1,1,-1,-1,"Correct"
"C,12,CP","C","12","CP","5","lor_Da.avi","Female","AO","4","2670.80",1,1,-1,-1,"Correct"
"C,12,CP","C","12","CP","22","mik_Gb.avi","Male","AV_M","2","-2573.45",0,-2,-2,-2,"Ella to fill"
"C,12,CP","C","12","CP","23","mik_Gg.avi","Male","AV_C","7","2043.74",1,1,1,-1,"Correct"
"C,12,CP","C","12","CP","15","mik_Bg.avi","Male","AV_M","4","2711.27",1,-2,-2,-2,"Ella to fill"
"C,12,CP","C","12","CP","18","mik_Db.avi","Male","AV_M","2","2759.79",1,-2,-2,-2,"Ella to fill"
"C,12,CP","C","12","CP","8","lor_Dv.avi","Female","VO","4","2398.73",1,-1,1,0,"Correct"
"C,12,CP","C","12","CP","24","mik_Gv.avi","Male","VO","4","-2349.81",0,-1,0,1,"Incorrect"
"C,12,CP","C","12","CP","2","lor_Bb.avi","Female","AV_C","2","2104.26",1,1,1,-1,"Correct"
"C,12,CP","C","12","CP","68","mik_Dv_4dB.avi","Male","VO","7","-2213.30",0,-1,0,1,"Incorrect"
"C,12,CP","C","12","CP","61","mik_Ba_4dB.avi","Male","AO","2","2358.26",1,1,-1,-1,"Correct"
"C,12,CP","C","12","CP","49","lor_Ba_4dB.avi","Female","AO","2","2732.81",1,1,-1,-1,"Correct"
"C,12,CP","C","12","CP","64","mik_Bv_4dB.avi","Male","VO","2","2863.21",1,-1,1,0,"Correct"
"C,12,CP","C","12","CP","51","lor_Bg_4dB.avi","Female","AV_M","4","2882.80",1,-2,-2,-2,"Ella to fill"
"C,12,CP","C","12","CP","65","mik_Da_4dB.avi","Male","AO","4","2961.78",1,1,-1,-1,"Correct"
"C,12,CP","C","12","CP","70","mik_Gb_4dB.avi","Male","AV_M","2","-2699.05",0,-2,-2,-2,"Ella to fill"
"C,12,CP","C","12","CP","56","lor_Dv_4dB.avi","Female","VO","7","-2738.37",0,-1,0,1,"Incorrect"
"C,12,CP","C","12","CP","63","mik_Bg_4dB.avi","Male","AV_M","7","-2857.33",0,-2,-2,-2,"Ella to fill"
"C,12,CP","C","12","CP","72","mik_Gv_4dB.avi","Male","VO","4","-2341.93",0,-1,0,1,"Incorrect"
"C,12,CP","C","12","CP","58","lor_Gb_4dB.avi","Female","AV_M","2","-2305.14",0,-2,-2,-2,"Ella to fill"
"C,12,CP","C","12","CP","57","lor_Ga_4dB.avi","Female","AO","7","2426.80",1,1,-1,-1,"Correct"
"C,12,CP","C","12","CP","60","lor_Gv_4dB.avi","Female","VO","7","2932.41",1,-1,1,0,"Correct"
"C,12,CP","C","12","CP","69","mik_Ga_4dB.avi","Male","AO","4","-2475.35",0,0,-1,-1,"Incorrect"
"C,12,CP","C","12","CP","62","mik_Bb_4dB.avi","Male","AV_C","2","2352.03",1,1,1,-1,"Correct"
"C,12,CP","C","12","CP","52","lor_Bv_4dB.avi","Female","VO","2","2446.95",1,-1,1,0,"Correct"
"C,12,CP","C","12","CP","67","mik_Dd_4dB.avi","Male","AV_C","7","-2772.61",0,0,0,-1,"Incorrect"
"C,12,CP","C","12","CP","71","mik_Gg_4dB.avi","Male","AV_C","4","-2627.56",0,0,0,-1,"Incorrect"
"C,12,CP","C","12","CP","59","lor_Gg_4dB.avi","Female","AV_C","7","2597.42",1,1,1,-1,"Correct"
"C,12,CP","C","12","CP","50","lor_Bb_4dB.avi","Female","AV_C","2","2068.10",1,1,1,-1,"Correct"
"C,12,CP","C","12","CP","53","lor_Da_4dB.avi","Female","AO","4","2499.82",1,1,-1,-1,"Correct"
"C,12,CP","C","12","CP","66","mik_Db_4dB.avi","Male","AV_M","2","2857.01",1,-2,-2,-2,"Ella to fill"
"C,12,CP","C","12","CP","54","lor_Db_4dB.avi","Female","AV_M","7","-3137.96",0,-2,-2,-2,"Ella to fill"
"C,12,CP","C","12","CP","85","mik_Ba_4dB.avi","Male","AO","2","2573.71",1,1,-1,-1,"Correct"
"C,12,CP","C","12","CP","74","lor_Bb_4dB.avi","Female","AV_C","2","2359.03",1,1,1,-1,"Correct"
"C,12,CP","C","12","CP","73","lor_Ba_4dB.avi","Female","AO","2","2945.98",1,1,-1,-1,"Correct"
"C,12,CP","C","12","CP","84","lor_Gv_4dB.avi","Female","VO","7","2272.63",1,-1,1,0,"Correct"
"C,12,CP","C","12","CP","88","mik_Bv_4dB.avi","Male","VO","2","2235.61",1,-1,1,0,"Correct"
"C,12,CP","C","12","CP","76","lor_Bv_4dB.avi","Female","VO","2","2632.21",1,-1,1,0,"Correct"
"C,12,CP","C","12","CP","94","mik_Gb_4dB.avi","Male","AV_M","4","2474.88",1,-2,-2,-2,"Ella to fill"
"C,12,CP","C","12","CP","87","mik_Bg_4dB.avi","Male","AV_M","2","-3761.55",0,-2,-2,-2,"Ella to fill"
"C,12,CP","C","12","CP","83","lor_Gg_4dB.avi","Female","AV_C","7","2133.28",1,1,1,-1,"Correct"
"C,12,CP","C","12","CP","89","mik_Da_4dB.avi","Male","AO","4","2518.93",1,1,-1,-1,"Correct"
"C,12,CP","C","12","CP","93","mik_Ga_4dB.avi","Male","AO","7","3165.84",1,1,-1,-1,"Correct"
"C,12,CP","C","12","CP","91","mik_Dd_4dB.avi","Male","AV_C","4","2541.83",1,1,1,-1,"Correct"
"C,12,CP","C","12","CP","96","mik_Gv_4dB.avi","Male","VO","4","-2665.40",0,-1,0,1,"Incorrect"
"C,12,CP","C","12","CP","95","mik_Gg_4dB.avi","Male","AV_C","7","2290.01",1,1,1,-1,"Correct"
"C,12,CP","C","12","CP","75","lor_Bg_4dB.avi","Female","AV_M","4","3230.17",1,-2,-2,-2,"Ella to fill"
"C,12,CP","C","12","CP","86","mik_Bb_4dB.avi","Male","AV_C","2","2004.83",1,1,1,-1,"Correct"
"C,12,CP","C","12","CP","92","mik_Dv_4dB.avi","Male","VO","4","2395.77",1,-1,1,0,"Correct"
"C,12,CP","C","12","CP","90","mik_Db_4dB.avi","Male","AV_M","4","-2590.72",0,-2,-2,-2,"Ella to fill"
"C,12,CP","C","12","CP","79","lor_Dd_4dB.avi","Female","AV_C","7","-2060.97",0,0,0,-1,"Incorrect"
"C,12,CP","C","12","CP","82","lor_Gb_4dB.avi","Female","AV_M","2","-2483.91",0,-2,-2,-2,"Ella to fill"
"C,12,CP","C","12","CP","77","lor_Da_4dB.avi","Female","AO","7","-2589.91",0,0,-1,-1,"Incorrect"
"C,12,CP","C","12","CP","78","lor_Db_4dB.avi","Female","AV_M","7","-2758.54",0,-2,-2,-2,"Ella to fill"
"C,12,CP","C","12","CP","81","lor_Ga_4dB.avi","Female","AO","7","2855.50",1,1,-1,-1,"Correct"
"C,12,CP","C","12","CP","80","lor_Dv_4dB.avi","Female","VO","4","2398.47",1,-1,1,0,"Correct"
"C,11,EP","C","11","EP","46","mik_Gb.avi","Male","AV_M","7","-2774.93",0,-2,-2,-2,"Ella to fill"
"C,11,EP","C","11","EP","41","mik_Da.avi","Male","AO","4","2277.86",1,1,-1,-1,"Correct"
"C,11,EP","C","11","EP","36","lor_Gv.avi","Female","VO","4","-3759.78",0,-1,0,1,"Incorrect"
"C,11,EP","C","11","EP","32","lor_Dv.avi","Female","VO","4","2492.53",1,-1,1,0,"Correct"
"C,11,EP","C","11","EP","42","mik_Db.avi","Male","AV_M","4","-3045.15",0,-2,-2,-2,"Ella to fill"
"C,11,EP","C","11","EP","40","mik_Bv.avi","Male","VO","2","2385.44",1,-1,1,0,"Correct"
"C,11,EP","C","11","EP","39","mik_Bg.avi","Male","AV_M","2","-3259.68",0,-2,-2,-2,"Ella to fill"
"C,11,EP","C","11","EP","45","mik_Ga.avi","Male","AO","7","2764.58",1,1,-1,-1,"Correct"
"C,11,EP","C","11","EP","27","lor_Bg.avi","Female","AV_M","2","-2767.50",0,-2,-2,-2,"Ella to fill"
"C,11,EP","C","11","EP","34","lor_Gb.avi","Female","AV_M","7","-2870.14",0,-2,-2,-2,"Ella to fill"
"C,11,EP","C","11","EP","38","mik_Bb.avi","Male","AV_C","2","2451.12",1,1,1,-1,"Correct"
"C,11,EP","C","11","EP","35","lor_Gg.avi","Female","AV_C","7","2619.71",1,1,1,-1,"Correct"
"C,11,EP","C","11","EP","44","mik_Dv.avi","Male","VO","4","2476.01",1,-1,1,0,"Correct"
"C,11,EP","C","11","EP","31","lor_Dd.avi","Female","AV_C","4","2385.91",1,1,1,-1,"Correct"
"C,11,EP","C","11","EP","29","lor_Da.avi","Female","AO","4","2613.52",1,1,-1,-1,"Correct"
"C,11,EP","C","11","EP","47","mik_Gg.avi","Male","AV_C","7","2784.15",1,1,1,-1,"Correct"
"C,11,EP","C","11","EP","30","lor_Db.avi","Female","AV_M","4","-3058.05",0,-2,-2,-2,"Ella to fill"
"C,11,EP","C","11","EP","25","lor_Ba.avi","Female","AO","2","2504.00",1,1,-1,-1,"Correct"
"C,11,EP","C","11","EP","28","lor_Bv.avi","Female","VO","2","2404.33",1,-1,1,0,"Correct"
"C,11,EP","C","11","EP","43","mik_Dd.avi","Male","AV_C","4","2744.28",1,1,1,-1,"Correct"
"C,11,EP","C","11","EP","37","mik_Ba.avi","Male","AO","2","2456.25",1,1,-1,-1,"Correct"
"C,11,EP","C","11","EP","48","mik_Gv.avi","Male","VO","7","2561.83",1,-1,1,0,"Correct"
"C,11,EP","C","11","EP","33","lor_Ga.avi","Female","AO","7","2196.69",1,1,-1,-1,"Correct"
"C,11,EP","C","11","EP","26","lor_Bb.avi","Female","AV_C","2","2124.99",1,1,1,-1,"Correct"
"C,11,EP","C","11","EP","20","mik_Dv.avi","Male","VO","7","-2897.81",0,-1,0,1,"Incorrect"
"C,11,EP","C","11","EP","2","lor_Bb.avi","Female","AV_C","2","2404.45",1,1,1,-1,"Correct"
"C,11,EP","C","11","EP","9","lor_Ga.avi","Female","AO","7","2484.03",1,1,-1,-1,"Correct"
"C,11,EP","C","11","EP","24","mik_Gv.avi","Male","VO","4","-2713.68",0,-1,0,1,"Incorrect"
"C,11,EP","C","11","EP","17","mik_Da.avi","Male","AO","4","2619.26",1,1,-1,-1,"Correct"
"C,11,EP","C","11","EP","16","mik_Bv.avi","Male","VO","2","2426.17",1,-1,1,0,"Correct"
"C,11,EP","C","11","EP","6","lor_Db.avi","Female","AV_M","4","-2933.78",0,-2,-2,-2,"Ella to fill"
"C,11,EP","C","11","EP","19","mik_Dd.avi","Male","AV_C","4","2381.09",1,1,1,-1,"Correct"
"C,11,EP","C","11","EP","12","lor_Gv.avi","Female","VO","7","2613.67",1,-1,1,0,"Correct"
"C,11,EP","C","11","EP","7","lor_Dd.avi","Female","AV_C","4","2535.65",1,1,1,-1,"Correct"
"C,11,EP","C","11","EP","4","lor_Bv.avi","Female","VO","2","2485.28",1,-1,1,0,"Correct"
"C,11,EP","C","11","EP","21","mik_Ga.avi","Male","AO","7","2556.23",1,1,-1,-1,"Correct"
"C,11,EP","C","11","EP","3","lor_Bg.avi","Female","AV_M","2","-2798.14",0,-2,-2,-2,"Ella to fill"
"C,11,EP","C","11","EP","10","lor_Gb.avi","Female","AV_M","7","-2721.76",0,-2,-2,-2,"Ella to fill"
"C,11,EP","C","11","EP","5","lor_Da.avi","Female","AO","4","2366.07",1,1,-1,-1,"Correct"
"C,11,EP","C","11","EP","15","mik_Bg.avi","Male","AV_M","2","-2609.03",0,-2,-2,-2,"Ella to fill"
"C,11,EP","C","11","EP","23","mik_Gg.avi","Male","AV_C","7","2626.59",1,1,1,-1,"Correct"
"C,11,EP","C","11","EP","22","mik_Gb.avi","Male","AV_M","7","-2665.79",0,-2,-2,-2,"Ella to fill"
"C,11,EP","C","11","EP","18","mik_Db.avi","Male","AV_M","4","-2469.08",0,-2,-2,-2,"Ella to fill"
"C,11,EP","C","11","EP","13","mik_Ba.avi","Male","AO","2","2642.38",1,1,-1,-1,"Correct"
"C,11,EP","C","11","EP","8","lor_Dv.avi","Female","VO","4","2778.19",1,-1,1,0,"Correct"
"C,11,EP","C","11","EP","11","lor_Gg.avi","Female","AV_C","7","2559.60",1,1,1,-1,"Correct"
"C,11,EP","C","11","EP","1","lor_Ba.avi","Female","AO","2","2717.86",1,1,-1,-1,"Correct"
"C,11,EP","C","11","EP","14","mik_Bb.avi","Male","AV_C","2","2583.84",1,1,1,-1,"Correct"
"C,11,EP","C","11","EP","86","mik_Bb_4dB.avi","Male","AV_C","2","2286.12",1,1,1,-1,"Correct"
"C,11,EP","C","11","EP","96","mik_Gv_4dB.avi","Male","VO","4","-2420.42",0,-1,0,1,"Incorrect"
"C,11,EP","C","11","EP","73","lor_Ba_4dB.avi","Female","AO","2","2488.66",1,1,-1,-1,"Correct"
"C,11,EP","C","11","EP","79","lor_Dd_4dB.avi","Female","AV_C","4","2633.60",1,1,1,-1,"Correct"
"C,11,EP","C","11","EP","76","lor_Bv_4dB.avi","Female","VO","2","2299.57",1,-1,1,0,"Correct"
"C,11,EP","C","11","EP","94","mik_Gb_4dB.avi","Male","AV_M","7","-3050.51",0,-2,-2,-2,"Ella to fill"
"C,11,EP","C","11","EP","74","lor_Bb_4dB.avi","Female","AV_C","2","2598.48",1,1,1,-1,"Correct"
"C,11,EP","C","11","EP","87","mik_Bg_4dB.avi","Male","AV_M","2","-3984.80",0,-2,-2,-2,"Ella to fill"
"C,11,EP","C","11","EP","91","mik_Dd_4dB.avi","Male","AV_C","4","2231.85",1,1,1,-1,"Correct"
"C,11,EP","C","11","EP","78","lor_Db_4dB.avi","Female","AV_M","2","3054.79",1,-2,-2,-2,"Ella to fill"
"C,11,EP","C","11","EP","90","mik_Db_4dB.avi","Male","AV_M","7","-2997.73",0,-2,-2,-2,"Ella to fill"
"C,11,EP","C","11","EP","89","mik_Da_4dB.avi","Male","AO","4","2270.72",1,1,-1,-1,"Correct"
"C,11,EP","C","11","EP","93","mik_Ga_4dB.avi","Male","AO","7","3874.31",1,1,-1,-1,"Correct"
"C,11,EP","C","11","EP","95","mik_Gg_4dB.avi","Male","AV_C","4","-3274.67",0,0,0,-1,"Incorrect"
"C,11,EP","C","11","EP","83","lor_Gg_4dB.avi","Female","AV_C","7","2527.30",1,1,1,-1,"Correct"
"C,11,EP","C","11","EP","75","lor_Bg_4dB.avi","Female","AV_M","7","-2242.27",0,-2,-2,-2,"Ella to fill"
"C,11,EP","C","11","EP","77","lor_Da_4dB.avi","Female","AO","4","2535.52",1,1,-1,-1,"Correct"
"C,11,EP","C","11","EP","80","lor_Dv_4dB.avi","Female","VO","7","-3472.51",0,-1,0,1,"Incorrect"
"C,11,EP","C","11","EP","81","lor_Ga_4dB.avi","Female","AO","7","2167.43",1,1,-1,-1,"Correct"
"C,11,EP","C","11","EP","82","lor_Gb_4dB.avi","Female","AV_M","2","-2574.37",0,-2,-2,-2,"Ella to fill"
"C,11,EP","C","11","EP","88","mik_Bv_4dB.avi","Male","VO","2","2629.33",1,-1,1,0,"Correct"
"C,11,EP","C","11","EP","85","mik_Ba_4dB.avi","Male","AO","2","2528.95",1,1,-1,-1,"Correct"
"C,11,EP","C","11","EP","84","lor_Gv_4dB.avi","Female","VO","7","2864.87",1,-1,1,0,"Correct"
"C,11,EP","C","11","EP","92","mik_Dv_4dB.avi","Male","VO","4","2450.88",1,-1,1,0,"Correct"
"C,11,EP","C","11","EP","70","mik_Gb_4dB.avi","Male","AV_M","2","-4141.08",0,-2,-2,-2,"Ella to fill"
"C,11,EP","C","11","EP","64","mik_Bv_4dB.avi","Male","VO","2","2226.07",1,-1,1,0,"Correct"
"C,11,EP","C","11","EP","72","mik_Gv_4dB.avi","Male","VO","4","-2363.67",0,-1,0,1,"Incorrect"
"C,11,EP","C","11","EP","67","mik_Dd_4dB.avi","Male","AV_C","4","2479.24",1,1,1,-1,"Correct"
"C,11,EP","C","11","EP","63","mik_Bg_4dB.avi","Male","AV_M","2","-2947.17",0,-2,-2,-2,"Ella to fill"
"C,11,EP","C","11","EP","60","lor_Gv_4dB.avi","Female","VO","7","2593.44",1,-1,1,0,"Correct"
"C,11,EP","C","11","EP","66","mik_Db_4dB.avi","Male","AV_M","4","-2886.07",0,-2,-2,-2,"Ella to fill"
"C,11,EP","C","11","EP","61","mik_Ba_4dB.avi","Male","AO","2","2779.70",1,1,-1,-1,"Correct"
"C,11,EP","C","11","EP","55","lor_Dd_4dB.avi","Female","AV_C","4","2735.45",1,1,1,-1,"Correct"
"C,11,EP","C","11","EP","71","mik_Gg_4dB.avi","Male","AV_C","7","2567.57",1,1,1,-1,"Correct"
"C,11,EP","C","11","EP","65","mik_Da_4dB.avi","Male","AO","4","2627.43",1,1,-1,-1,"Correct"
"C,11,EP","C","11","EP","54","lor_Db_4dB.avi","Female","AV_M","7","-2786.03",0,-2,-2,-2,"Ella to fill"
"C,11,EP","C","11","EP","57","lor_Ga_4dB.avi","Female","AO","7","2140.68",1,1,-1,-1,"Correct"
"C,11,EP","C","11","EP","51","lor_Bg_4dB.avi","Female","AV_M","7","-2294.34",0,-2,-2,-2,"Ella to fill"
"C,11,EP","C","11","EP","56","lor_Dv_4dB.avi","Female","VO","4","3525.70",1,-1,1,0,"Correct"
"C,11,EP","C","11","EP","53","lor_Da_4dB.avi","Female","AO","7","-2505.14",0,0,-1,-1,"Incorrect"
"C,11,EP","C","11","EP","52","lor_Bv_4dB.avi","Female","VO","2","2223.79",1,-1,1,0,"Correct"
"C,11,EP","C","11","EP","68","mik_Dv_4dB.avi","Male","VO","4","3518.78",1,-1,1,0,"Correct"
"C,11,EP","C","11","EP","58","lor_Gb_4dB.avi","Female","AV_M","7","-3490.90",0,-2,-2,-2,"Ella to fill"
"C,11,EP","C","11","EP","62","mik_Bb_4dB.avi","Male","AV_C","2","2572.77",1,1,1,-1,"Correct"
"C,11,EP","C","11","EP","50","lor_Bb_4dB.avi","Female","AV_C","2","2287.41",1,1,1,-1,"Correct"
"C,11,EP","C","11","EP","59","lor_Gg_4dB.avi","Female","AV_C","7","2828.71",1,1,1,-1,"Correct"
"C,11,EP","C","11","EP","69","mik_Ga_4dB.avi","Male","AO","4","-2632.67",0,0,-1,-1,"Incorrect"
"C,11,EP","C","11","EP","49","lor_Ba_4dB.avi","Female","AO","2","2400.95",1,1,-1,-1,"Correct"
"D,16,AF","D","16","AF","34","lor_Gb.avi","Female","AV_M","7","-2422.77",0,-2,-2,-2,"Ella to fill"
"D,16,AF","D","16","AF","38","mik_Bb.avi","Male","AV_C","2","2193.73",1,1,1,-1,"Correct"
"D,16,AF","D","16","AF","46","mik_Gb.avi","Male","AV_M","7","-2234.34",0,-2,-2,-2,"Ella to fill"
"D,16,AF","D","16","AF","29","lor_Da.avi","Female","AO","4","2034.90",1,1,-1,-1,"Correct"
"D,16,AF","D","16","AF","33","lor_Ga.avi","Female","AO","7","2194.38",1,1,-1,-1,"Correct"
"D,16,AF","D","16","AF","40","mik_Bv.avi","Male","VO","2","3179.99",1,-1,1,0,"Correct"
"D,16,AF","D","16","AF","28","lor_Bv.avi","Female","VO","2","2178.32",1,-1,1,0,"Correct"
"D,16,AF","D","16","AF","44","mik_Dv.avi","Male","VO","7","-2655.28",0,-1,0,1,"Incorrect"
"D,16,AF","D","16","AF","43","mik_Dd.avi","Male","AV_C","4","2038.22",1,1,1,-1,"Correct"
"D,16,AF","D","16","AF","37","mik_Ba.avi","Male","AO","2","2393.13",1,1,-1,-1,"Correct"
"D,16,AF","D","16","AF","36","lor_Gv.avi","Female","VO","2","-4941.75",0,-1,0,1,"Incorrect"
"D,16,AF","D","16","AF","41","mik_Da.avi","Male","AO","4","2039.14",1,1,-1,-1,"Correct"
"D,16,AF","D","16","AF","30","lor_Db.avi","Female","AV_M","4","-2398.71",0,-2,-2,-2,"Ella to fill"
"D,16,AF","D","16","AF","25","lor_Ba.avi","Female","AO","2","2508.70",1,1,-1,-1,"Correct"
"D,16,AF","D","16","AF","32","lor_Dv.avi","Female","VO","7","-2076.35",0,-1,0,1,"Incorrect"
"D,16,AF","D","16","AF","42","mik_Db.avi","Male","AV_M","4","-2319.30",0,-2,-2,-2,"Ella to fill"
"D,16,AF","D","16","AF","35","lor_Gg.avi","Female","AV_C","7","2774.91",1,1,1,-1,"Correct"
"D,16,AF","D","16","AF","39","mik_Bg.avi","Male","AV_M","2","-2685.51",0,-2,-2,-2,"Ella to fill"
"D,16,AF","D","16","AF","27","lor_Bg.avi","Female","AV_M","2","-3346.73",0,-2,-2,-2,"Ella to fill"
"D,16,AF","D","16","AF","45","mik_Ga.avi","Male","AO","7","1931.93",1,1,-1,-1,"Correct"
"D,16,AF","D","16","AF","48","mik_Gv.avi","Male","VO","7","2040.54",1,-1,1,0,"Correct"
"D,16,AF","D","16","AF","26","lor_Bb.avi","Female","AV_C","2","2054.95",1,1,1,-1,"Correct"
"D,16,AF","D","16","AF","31","lor_Dd.avi","Female","AV_C","4","1970.77",1,1,1,-1,"Correct"
"D,16,AF","D","16","AF","47","mik_Gg.avi","Male","AV_C","7","1909.21",1,1,1,-1,"Correct"
"D,16,AF","D","16","AF","22","mik_Gb.avi","Male","AV_M","7","-2023.49",0,-2,-2,-2,"Ella to fill"
"D,16,AF","D","16","AF","6","lor_Db.avi","Female","AV_M","4","-2261.43",0,-2,-2,-2,"Ella to fill"
"D,16,AF","D","16","AF","19","mik_Dd.avi","Male","AV_C","4","1793.74",1,1,1,-1,"Correct"
"D,16,AF","D","16","AF","5","lor_Da.avi","Female","AO","4","1984.66",1,1,-1,-1,"Correct"
"D,16,AF","D","16","AF","11","lor_Gg.avi","Female","AV_C","7","2137.47",1,1,1,-1,"Correct"
"D,16,AF","D","16","AF","17","mik_Da.avi","Male","AO","4","2757.87",1,1,-1,-1,"Correct"
"D,16,AF","D","16","AF","20","mik_Dv.avi","Male","VO","4","2464.15",1,-1,1,0,"Correct"
"D,16,AF","D","16","AF","3","lor_Bg.avi","Female","AV_M","2","-2890.00",0,-2,-2,-2,"Ella to fill"
"D,16,AF","D","16","AF","14","mik_Bb.avi","Male","AV_C","2","2242.27",1,1,1,-1,"Correct"
"D,16,AF","D","16","AF","9","lor_Ga.avi","Female","AO","7","1905.90",1,1,-1,-1,"Correct"
"D,16,AF","D","16","AF","8","lor_Dv.avi","Female","VO","7","-2525.56",0,-1,0,1,"Incorrect"
"D,16,AF","D","16","AF","10","lor_Gb.avi","Female","AV_M","7","-2036.84",0,-2,-2,-2,"Ella to fill"
"D,16,AF","D","16","AF","1","lor_Ba.avi","Female","AO","2","1984.77",1,1,-1,-1,"Correct"
"D,16,AF","D","16","AF","16","mik_Bv.avi","Male","VO","2","2599.41",1,-1,1,0,"Correct"
"D,16,AF","D","16","AF","7","lor_Dd.avi","Female","AV_C","4","2043.35",1,1,1,-1,"Correct"
"D,16,AF","D","16","AF","2","lor_Bb.avi","Female","AV_C","2","2839.29",1,1,1,-1,"Correct"
"D,16,AF","D","16","AF","15","mik_Bg.avi","Male","AV_M","2","-2879.55",0,-2,-2,-2,"Ella to fill"
"D,16,AF","D","16","AF","4","lor_Bv.avi","Female","VO","2","1924.14",1,-1,1,0,"Correct"
"D,16,AF","D","16","AF","24","mik_Gv.avi","Male","VO","4","-4977.38",0,-1,0,1,"Incorrect"
"D,16,AF","D","16","AF","13","mik_Ba.avi","Male","AO","7","-2510.81",0,0,-1,-1,"Incorrect"
"D,16,AF","D","16","AF","23","mik_Gg.avi","Male","AV_C","7","2552.09",1,1,1,-1,"Correct"
"D,16,AF","D","16","AF","12","lor_Gv.avi","Female","VO","4","-4484.60",0,-1,0,1,"Incorrect"
"D,16,AF","D","16","AF","18","mik_Db.avi","Male","AV_M","4","-2914.56",0,-2,-2,-2,"Ella to fill"
"D,16,AF","D","16","AF","21","mik_Ga.avi","Male","AO","7","3388.79",1,1,-1,-1,"Correct"
"D,16,AF","D","16","AF","60","lor_Gv_4dB.avi","Female","VO","2","-4090.38",0,-1,0,1,"Incorrect"
"D,16,AF","D","16","AF","59","lor_Gg_4dB.avi","Female","AV_C","7","2263.70",1,1,1,-1,"Correct"
"D,16,AF","D","16","AF","51","lor_Bg_4dB.avi","Female","AV_M","2","-3825.66",0,-2,-2,-2,"Ella to fill"
"D,16,AF","D","16","AF","62","mik_Bb_4dB.avi","Male","AV_C","2","2773.74",1,1,1,-1,"Correct"
"D,16,AF","D","16","AF","68","mik_Dv_4dB.avi","Male","VO","7","-3925.00",0,-1,0,1,"Incorrect"
"D,16,AF","D","16","AF","67","mik_Dd_4dB.avi","Male","AV_C","4","3182.72",1,1,1,-1,"Correct"
"D,16,AF","D","16","AF","56","lor_Dv_4dB.avi","Female","VO","7","-2563.67",0,-1,0,1,"Incorrect"
"D,16,AF","D","16","AF","63","mik_Bg_4dB.avi","Male","AV_M","4","3768.91",1,-2,-2,-2,"Ella to fill"
"D,16,AF","D","16","AF","53","lor_Da_4dB.avi","Female","AO","7","-2384.72",0,0,-1,-1,"Incorrect"
"D,16,AF","D","16","AF","50","lor_Bb_4dB.avi","Female","AV_C","2","2884.36",1,1,1,-1,"Correct"
"D,16,AF","D","16","AF","72","mik_Gv_4dB.avi","Male","VO","4","-2458.33",0,-1,0,1,"Incorrect"
"D,16,AF","D","16","AF","52","lor_Bv_4dB.avi","Female","VO","2","3314.91",1,-1,1,0,"Correct"
"D,16,AF","D","16","AF","54","lor_Db_4dB.avi","Female","AV_M","7","-2238.46",0,-2,-2,-2,"Ella to fill"
"D,16,AF","D","16","AF","61","mik_Ba_4dB.avi","Male","AO","2","2561.35",1,1,-1,-1,"Correct"
"D,16,AF","D","16","AF","71","mik_Gg_4dB.avi","Male","AV_C","7","2021.43",1,1,1,-1,"Correct"
"D,16,AF","D","16","AF","69","mik_Ga_4dB.avi","Male","AO","7","2486.63",1,1,-1,-1,"Correct"
"D,16,AF","D","16","AF","66","mik_Db_4dB.avi","Male","AV_M","4","-2151.88",0,-2,-2,-2,"Ella to fill"
"D,16,AF","D","16","AF","65","mik_Da_4dB.avi","Male","AO","4","2384.50",1,1,-1,-1,"Correct"
"D,16,AF","D","16","AF","58","lor_Gb_4dB.avi","Female","AV_M","7","-2262.67",0,-2,-2,-2,"Ella to fill"
"D,16,AF","D","16","AF","70","mik_Gb_4dB.avi","Male","AV_M","7","-2540.77",0,-2,-2,-2,"Ella to fill"
"D,16,AF","D","16","AF","57","lor_Ga_4dB.avi","Female","AO","7","2218.05",1,1,-1,-1,"Correct"
"D,16,AF","D","16","AF","64","mik_Bv_4dB.avi","Male","VO","2","2510.69",1,-1,1,0,"Correct"
"D,16,AF","D","16","AF","49","lor_Ba_4dB.avi","Female","AO","2","2917.63",1,1,-1,-1,"Correct"
"D,16,AF","D","16","AF","55","lor_Dd_4dB.avi","Female","AV_C","7","-2285.57",0,0,0,-1,"Incorrect"
"D,16,AF","D","16","AF","89","mik_Da_4dB.avi","Male","AO","4","2371.69",1,1,-1,-1,"Correct"
"D,16,AF","D","16","AF","90","mik_Db_4dB.avi","Male","AV_M","4","-2551.67",0,-2,-2,-2,"Ella to fill"
"D,16,AF","D","16","AF","83","lor_Gg_4dB.avi","Female","AV_C","7","2458.33",1,1,1,-1,"Correct"
"D,16,AF","D","16","AF","82","lor_Gb_4dB.avi","Female","AV_M","4","4064.58",1,-2,-2,-2,"Ella to fill"
"D,16,AF","D","16","AF","73","lor_Ba_4dB.avi","Female","AO","2","2470.30",1,1,-1,-1,"Correct"
"D,16,AF","D","16","AF","94","mik_Gb_4dB.avi","Male","AV_M","7","-2099.31",0,-2,-2,-2,"Ella to fill"
"D,16,AF","D","16","AF","95","mik_Gg_4dB.avi","Male","AV_C","7","2190.91",1,1,1,-1,"Correct"
"D,16,AF","D","16","AF","86","mik_Bb_4dB.avi","Male","AV_C","2","2182.43",1,1,1,-1,"Correct"
"D,16,AF","D","16","AF","77","lor_Da_4dB.avi","Female","AO","7","-2556.64",0,0,-1,-1,"Incorrect"
"D,16,AF","D","16","AF","85","mik_Ba_4dB.avi","Male","AO","2","1986.30",1,1,-1,-1,"Correct"
"D,16,AF","D","16","AF","87","mik_Bg_4dB.avi","Male","AV_M","4","3907.89",1,-2,-2,-2,"Ella to fill"
"D,16,AF","D","16","AF","79","lor_Dd_4dB.avi","Female","AV_C","7","-2912.96",0,0,0,-1,"Incorrect"
"D,16,AF","D","16","AF","91","mik_Dd_4dB.avi","Male","AV_C","4","2733.18",1,1,1,-1,"Correct"
"D,16,AF","D","16","AF","75","lor_Bg_4dB.avi","Female","AV_M","7","-2970.20",0,-2,-2,-2,"Ella to fill"
"D,16,AF","D","16","AF","96","mik_Gv_4dB.avi","Male","VO","4","-2363.13",0,-1,0,1,"Incorrect"
"D,16,AF","D","16","AF","88","mik_Bv_4dB.avi","Male","VO","2","2216.08",1,-1,1,0,"Correct"
"D,16,AF","D","16","AF","74","lor_Bb_4dB.avi","Female","AV_C","2","2552.37",1,1,1,-1,"Correct"
"D,16,AF","D","16","AF","80","lor_Dv_4dB.avi","Female","VO","4","2403.35",1,-1,1,0,"Correct"
"D,16,AF","D","16","AF","92","mik_Dv_4dB.avi","Male","VO","4","2494.98",1,-1,1,0,"Correct"
"D,16,AF","D","16","AF","78","lor_Db_4dB.avi","Female","AV_M","7","-2831.21",0,-2,-2,-2,"Ella to fill"
"D,16,AF","D","16","AF","84","lor_Gv_4dB.avi","Female","VO","7","3330.59",1,-1,1,0,"Correct"
"D,16,AF","D","16","AF","81","lor_Ga_4dB.avi","Female","AO","7","2398.78",1,1,-1,-1,"Correct"
"D,16,AF","D","16","AF","76","lor_Bv_4dB.avi","Female","VO","2","2262.39",1,-1,1,0,"Correct"
"D,16,AF","D","16","AF","93","mik_Ga_4dB.avi","Male","AO","7","2218.38",1,1,-1,-1,"Correct"
"C,16,ZR","C","16","ZR","35","lor_Gg.avi","Female","AV_C","7","2610.93",1,1,1,-1,"Correct"
"C,16,ZR","C","16","ZR","43","mik_Dd.avi","Male","AV_C","4","2350.49",1,1,1,-1,"Correct"
"C,16,ZR","C","16","ZR","37","mik_Ba.avi","Male","AO","2","2428.46",1,1,-1,-1,"Correct"
"C,16,ZR","C","16","ZR","42","mik_Db.avi","Male","AV_M","4","-4660.40",0,-2,-2,-2,"Ella to fill"
"C,16,ZR","C","16","ZR","45","mik_Ga.avi","Male","AO","7","2471.81",1,1,-1,-1,"Correct"
"C,16,ZR","C","16","ZR","28","lor_Bv.avi","Female","VO","2","2609.45",1,-1,1,0,"Correct"
"C,16,ZR","C","16","ZR","39","mik_Bg.avi","Male","AV_M","2","-2899.08",0,-2,-2,-2,"Ella to fill"
"C,16,ZR","C","16","ZR","30","lor_Db.avi","Female","AV_M","4","-3527.63",0,-2,-2,-2,"Ella to fill"
"C,16,ZR","C","16","ZR","40","mik_Bv.avi","Male","VO","2","2263.49",1,-1,1,0,"Correct"
"C,16,ZR","C","16","ZR","26","lor_Bb.avi","Female","AV_C","2","1915.08",1,1,1,-1,"Correct"
"C,16,ZR","C","16","ZR","32","lor_Dv.avi","Female","VO","4","2293.95",1,-1,1,0,"Correct"
"C,16,ZR","C","16","ZR","25","lor_Ba.avi","Female","AO","2","2171.89",1,1,-1,-1,"Correct"
"C,16,ZR","C","16","ZR","46","mik_Gb.avi","Male","AV_M","7","-2687.52",0,-2,-2,-2,"Ella to fill"
"C,16,ZR","C","16","ZR","27","lor_Bg.avi","Female","AV_M","2","-2458.79",0,-2,-2,-2,"Ella to fill"
"C,16,ZR","C","16","ZR","48","mik_Gv.avi","Male","VO","2","-2626.73",0,-1,0,1,"Incorrect"
"C,16,ZR","C","16","ZR","31","lor_Dd.avi","Female","AV_C","4","1969.93",1,1,1,-1,"Correct"
"C,16,ZR","C","16","ZR","41","mik_Da.avi","Male","AO","4","2098.83",1,1,-1,-1,"Correct"
"C,16,ZR","C","16","ZR","33","lor_Ga.avi","Female","AO","7","2330.15",1,1,-1,-1,"Correct"
"C,16,ZR","C","16","ZR","34","lor_Gb.avi","Female","AV_M","7","-2825.77",0,-2,-2,-2,"Ella to fill"
"C,16,ZR","C","16","ZR","47","mik_Gg.avi","Male","AV_C","7","2381.68",1,1,1,-1,"Correct"
"C,16,ZR","C","16","ZR","29","lor_Da.avi","Female","AO","4","3416.90",1,1,-1,-1,"Correct"
"C,16,ZR","C","16","ZR","38","mik_Bb.avi","Male","AV_C","2","1751.49",1,1,1,-1,"Correct"
"C,16,ZR","C","16","ZR","36","lor_Gv.avi","Female","VO","7","4053.83",1,-1,1,0,"Correct"
"C,16,ZR","C","16","ZR","44","mik_Dv.avi","Male","VO","4","3417.38",1,-1,1,0,"Correct"
"C,16,ZR","C","16","ZR","5","lor_Da.avi","Female","AO","4","2709.92",1,1,-1,-1,"Correct"
"C,16,ZR","C","16","ZR","6","lor_Db.avi","Female","AV_M","4","-2060.50",0,-2,-2,-2,"Ella to fill"
"C,16,ZR","C","16","ZR","3","lor_Bg.avi","Female","AV_M","2","-2089.45",0,-2,-2,-2,"Ella to fill"
"C,16,ZR","C","16","ZR","11","lor_Gg.avi","Female","AV_C","7","2085.29",1,1,1,-1,"Correct"
"C,16,ZR","C","16","ZR","13","mik_Ba.avi","Male","AO","2","2001.68",1,1,-1,-1,"Correct"
"C,16,ZR","C","16","ZR","1","lor_Ba.avi","Female","AO","2","1999.23",1,1,-1,-1,"Correct"
"C,16,ZR","C","16","ZR","16","mik_Bv.avi","Male","VO","2","1923.22",1,-1,1,0,"Correct"
"C,16,ZR","C","16","ZR","9","lor_Ga.avi","Female","AO","7","2092.80",1,1,-1,-1,"Correct"
"C,16,ZR","C","16","ZR","21","mik_Ga.avi","Male","AO","7","2014.77",1,1,-1,-1,"Correct"
"C,16,ZR","C","16","ZR","8","lor_Dv.avi","Female","VO","4","2442.69",1,-1,1,0,"Correct"
"C,16,ZR","C","16","ZR","24","mik_Gv.avi","Male","VO","7","2275.97",1,-1,1,0,"Correct"
"C,16,ZR","C","16","ZR","12","lor_Gv.avi","Female","VO","7","2025.88",1,-1,1,0,"Correct"
"C,16,ZR","C","16","ZR","19","mik_Dd.avi","Male","AV_C","4","2272.14",1,1,1,-1,"Correct"
"C,16,ZR","C","16","ZR","2","lor_Bb.avi","Female","AV_C","2","2597.06",1,1,1,-1,"Correct"
"C,16,ZR","C","16","ZR","15","mik_Bg.avi","Male","AV_M","2","-2378.04",0,-2,-2,-2,"Ella to fill"
"C,16,ZR","C","16","ZR","22","mik_Gb.avi","Male","AV_M","7","-2070.61",0,-2,-2,-2,"Ella to fill"
"C,16,ZR","C","16","ZR","7","lor_Dd.avi","Female","AV_C","4","3100.50",1,1,1,-1,"Correct"
"C,16,ZR","C","16","ZR","10","lor_Gb.avi","Female","AV_M","7","-2441.48",0,-2,-2,-2,"Ella to fill"
"C,16,ZR","C","16","ZR","14","mik_Bb.avi","Male","AV_C","2","2170.43",1,1,1,-1,"Correct"
"C,16,ZR","C","16","ZR","4","lor_Bv.avi","Female","VO","2","2414.61",1,-1,1,0,"Correct"
"C,16,ZR","C","16","ZR","18","mik_Db.avi","Male","AV_M","4","-2782.53",0,-2,-2,-2,"Ella to fill"
"C,16,ZR","C","16","ZR","17","mik_Da.avi","Male","AO","4","1875.88",1,1,-1,-1,"Correct"
"C,16,ZR","C","16","ZR","20","mik_Dv.avi","Male","VO","4","1855.46",1,-1,1,0,"Correct"
"C,16,ZR","C","16","ZR","23","mik_Gg.avi","Male","AV_C","7","1906.75",1,1,1,-1,"Correct"
"C,16,ZR","C","16","ZR","57","lor_Ga_4dB.avi","Female","AO","7","2263.76",1,1,-1,-1,"Correct"
"C,16,ZR","C","16","ZR","53","lor_Da_4dB.avi","Female","AO","7","-2960.41",0,0,-1,-1,"Incorrect"
"C,16,ZR","C","16","ZR","49","lor_Ba_4dB.avi","Female","AO","2","1914.04",1,1,-1,-1,"Correct"
"C,16,ZR","C","16","ZR","58","lor_Gb_4dB.avi","Female","AV_M","7","-2578.35",0,-2,-2,-2,"Ella to fill"
"C,16,ZR","C","16","ZR","64","mik_Bv_4dB.avi","Male","VO","2","2310.99",1,-1,1,0,"Correct"
"C,16,ZR","C","16","ZR","62","mik_Bb_4dB.avi","Male","AV_C","2","2340.61",1,1,1,-1,"Correct"
"C,16,ZR","C","16","ZR","71","mik_Gg_4dB.avi","Male","AV_C","7","2178.25",1,1,1,-1,"Correct"
"C,16,ZR","C","16","ZR","69","mik_Ga_4dB.avi","Male","AO","7","2065.42",1,1,-1,-1,"Correct"
"C,16,ZR","C","16","ZR","50","lor_Bb_4dB.avi","Female","AV_C","2","2408.42",1,1,1,-1,"Correct"
"C,16,ZR","C","16","ZR","60","lor_Gv_4dB.avi","Female","VO","4","-2802.38",0,-1,0,1,"Incorrect"
"C,16,ZR","C","16","ZR","67","mik_Dd_4dB.avi","Male","AV_C","4","2972.04",1,1,1,-1,"Correct"
"C,16,ZR","C","16","ZR","52","lor_Bv_4dB.avi","Female","VO","2","2345.29",1,-1,1,0,"Correct"
"C,16,ZR","C","16","ZR","51","lor_Bg_4dB.avi","Female","AV_M","2","-2591.60",0,-2,-2,-2,"Ella to fill"
"C,16,ZR","C","16","ZR","59","lor_Gg_4dB.avi","Female","AV_C","7","2102.58",1,1,1,-1,"Correct"
"C,16,ZR","C","16","ZR","54","lor_Db_4dB.avi","Female","AV_M","7","-2768.53",0,-2,-2,-2,"Ella to fill"
"C,16,ZR","C","16","ZR","72","mik_Gv_4dB.avi","Male","VO","7","3193.17",1,-1,1,0,"Correct"
"C,16,ZR","C","16","ZR","63","mik_Bg_4dB.avi","Male","AV_M","4","2493.41",1,-2,-2,-2,"Ella to fill"
"C,16,ZR","C","16","ZR","66","mik_Db_4dB.avi","Male","AV_M","4","-5793.56",0,-2,-2,-2,"Ella to fill"
"C,16,ZR","C","16","ZR","61","mik_Ba_4dB.avi","Male","AO","2","2341.74",1,1,-1,-1,"Correct"
"C,16,ZR","C","16","ZR","70","mik_Gb_4dB.avi","Male","AV_M","7","-2841.66",0,-2,-2,-2,"Ella to fill"
"C,16,ZR","C","16","ZR","56","lor_Dv_4dB.avi","Female","VO","4","2595.27",1,-1,1,0,"Correct"
"C,16,ZR","C","16","ZR","68","mik_Dv_4dB.avi","Male","VO","7","-2868.19",0,-1,0,1,"Incorrect"
"C,16,ZR","C","16","ZR","65","mik_Da_4dB.avi","Male","AO","4","2507.47",1,1,-1,-1,"Correct"
"C,16,ZR","C","16","ZR","95","mik_Gg_4dB.avi","Male","AV_C","7","2084.85",1,1,1,-1,"Correct"
"C,16,ZR","C","16","ZR","88","mik_Bv_4dB.avi","Male","VO","2","2065.06",1,-1,1,0,"Correct"
"C,16,ZR","C","16","ZR","84","lor_Gv_4dB.avi","Female","VO","7","2239.02",1,-1,1,0,"Correct"
"C,16,ZR","C","16","ZR","73","lor_Ba_4dB.avi","Female","AO","2","1985.34",1,1,-1,-1,"Correct"
"C,16,ZR","C","16","ZR","87","mik_Bg_4dB.avi","Male","AV_M","2","-3096.93",0,-2,-2,-2,"Ella to fill"
"C,16,ZR","C","16","ZR","94","mik_Gb_4dB.avi","Male","AV_M","7","-2910.21",0,-2,-2,-2,"Ella to fill"
"C,16,ZR","C","16","ZR","86","mik_Bb_4dB.avi","Male","AV_C","2","1920.20",1,1,1,-1,"Correct"
"C,16,ZR","C","16","ZR","75","lor_Bg_4dB.avi","Female","AV_M","7","-3027.45",0,-2,-2,-2,"Ella to fill"
"C,16,ZR","C","16","ZR","82","lor_Gb_4dB.avi","Female","AV_M","7","-2120.47",0,-2,-2,-2,"Ella to fill"
"C,16,ZR","C","16","ZR","74","lor_Bb_4dB.avi","Female","AV_C","2","1873.75",1,1,1,-1,"Correct"
"C,16,ZR","C","16","ZR","85","mik_Ba_4dB.avi","Male","AO","2","2070.70",1,1,-1,-1,"Correct"
"C,16,ZR","C","16","ZR","89","mik_Da_4dB.avi","Male","AO","4","2357.30",1,1,-1,-1,"Correct"
"C,16,ZR","C","16","ZR","77","lor_Da_4dB.avi","Female","AO","7","-2415.93",0,0,-1,-1,"Incorrect"
"C,16,ZR","C","16","ZR","90","mik_Db_4dB.avi","Male","AV_M","4","-2467.65",0,-2,-2,-2,"Ella to fill"
"C,16,ZR","C","16","ZR","83","lor_Gg_4dB.avi","Female","AV_C","7","1966.50",1,1,1,-1,"Correct"
"C,16,ZR","C","16","ZR","91","mik_Dd_4dB.avi","Male","AV_C","4","2048.47",1,1,1,-1,"Correct"
"C,16,ZR","C","16","ZR","96","mik_Gv_4dB.avi","Male","VO","7","2047.09",1,-1,1,0,"Correct"
"C,16,ZR","C","16","ZR","79","lor_Dd_4dB.avi","Female","AV_C","7","-1995.99",0,0,0,-1,"Incorrect"
"C,16,ZR","C","16","ZR","92","mik_Dv_4dB.avi","Male","VO","4","1941.51",1,-1,1,0,"Correct"
"C,16,ZR","C","16","ZR","80","lor_Dv_4dB.avi","Female","VO","4","1861.31",1,-1,1,0,"Correct"
"C,16,ZR","C","16","ZR","93","mik_Ga_4dB.avi","Male","AO","7","1904.47",1,1,-1,-1,"Correct"
"C,16,ZR","C","16","ZR","81","lor_Ga_4dB.avi","Female","AO","7","2344.19",1,1,-1,-1,"Correct"
"C,16,ZR","C","16","ZR","76","lor_Bv_4dB.avi","Female","VO","2","2219.82",1,-1,1,0,"Correct"
"C,16,ZR","C","16","ZR","78","lor_Db_4dB.avi","Female","AV_M","7","-2765.76",0,-2,-2,-2,"Ella to fill"